Name,Altname,RAJ2000,DEJ2000,Dist,Kmag,Bmag,a26,b/a,HRV,i,TT,Mcl,img,size
UGC02905,,59.2524999,16.5244444,5.83,12.17,15.76,1.0,0.6,292,62,10,Ir,,0.0
UGC02684,,50.09874995,17.29499998,6.49,13.46,16.29,1.95,0.5,350,72,10,Ir,,0.0
UGC02716,,51.02999994,17.75416663,6.4,11.5,14.64,1.58,0.56,381,57,8," ",,0.0
Segue 2,,34.8166666,20.17527776,0.03,11.36,16.2,5.4,0.85,-39,39,-3,Sph,,0.0
UGC1561,,31.0208333,24.20777775,7.2,11.83,14.51,2.34,0.86,606,34,9,BCD,,0.0
NGC0855,,33.5154166,27.8772222,9.73,9.83,13.3,3.09,0.38,591,85,0,dS0em,,0.0
NGC1156,,44.9266666,25.23749997,7.8,9.55,12.32,3.31,0.85,373,32,8," ",,0.0
LV J0300+2546,,45.1637499,25.7822222,7.8,14.5,18.1,0.35,0.87,308,33,10,Ir,,0.0
AGC122226,,41.6620833,27.72638884,8.56,14.25,17.08,0.85,0.55,472,67,9,BCD,,0.0
DDO025,,38.3258333,33.4911111,9.3,10.98,13.96,2.57,0.92,604,23,8," ",,0.0
KKH18,,45.77458325,33.6944444,4.43,13.56,16.7,0.71,0.57,216,65,10,Ir,,0.0
UGC02773,,53.0295833,47.79361105,5.4,9.77,15.0,1.2,0.75,216,47,9,Im,,0.0
UGCA105,,78.5629165,62.58083324,3.15,8.2,12.14,5.5,0.64,113,51,8," ",,0.0
KK13,,25.56999997,26.36777775,7.2,13.86,16.57,0.71,0.57,357,65,10,Ir,,0.0
And XXII,,21.91666664,28.09027775,0.79,14.4,18.8,1.4,0.44,-127,90,-3,Sph,,0.0
KK16,,28.8358333,27.95416662,5.47,13.68,16.3,1.32,0.37,207,90,10,Ir,,0.0
KK15,,26.6733333,26.80138884,7.2,15.54,18.22,0.59,0.33,366,90,10,Ir,,0.0
IC1727,,26.87541663,27.33111106,7.2,8.97,12.07,6.92,0.36,336,70,8," ",,0.0
NGC0672,,26.97166664,27.4336111,7.2,8.51,11.31,7.24,0.36,429,71,6," ",,0.0
KK14,,26.17791665,27.28777773,7.2,14.84,17.47,0.79,0.37,420,90,10,Ir,,0.0
NGC0784,,30.31999997,28.8436111,4.97,10.29,12.22,6.61,0.23,193,79,8," ",,0.0
KK17,,30.04124994,28.83249996,4.9,14.24,17.2,1.0,0.5,168,72,10,Ir,,0.0
AGC112521,,25.2829166,27.32388884,6.52,15.2,17.8,0.6,0.55,274,67,10,Ir,,0.0
Triangulum spiral,M33,1.565,30.65,3.0,4.1,6.27,69.18,0.61,-182,54,5," ",M33.png,30000.0
UGC01281,,27.38458328,32.59249994,4.94,10.5,12.87,5.62,0.18,157,85,7," ",,0.0
And XIV,,12.89583332,29.6969444,0.73,12.56,16.9,2.7,0.68,-481,60,-3,Sph,,0.0
And XVI,,14.87416664,32.37666665,0.52,11.33,15.7,1.78,0.9,-385,31,-3,Sph,,0.0
And II,,19.12416664,33.4191666,0.65,10.75,15.1,2.82,0.8,-194,45,-3,Sph,,0.0
NGC0404,,17.3620833,35.71749994,3.05,7.53,11.21,3.47,0.95,-50,20,-1,S0em,,0.0
And XXIII,,22.3408333,38.71888884,0.73,10.74,15.1,7.3,0.6,-243,71,-3,Sph,,0.0
UGC01703,,33.23249995,32.81416665,4.19,12.52,17.0,0.79,0.55,,72,-2,Tr,,0.0
d0226+3325,,36.7199999,33.4269444,9.3,14.86,17.5,1.66,0.92,520,26,10,Ir,,0.0
NGC0925,,36.8166666,33.5780555,9.29,7.87,10.58,11.75,0.56,553,57,7," ",,0.0
Halogas,,36.8333333,33.9583333,9.3,15.35,18.0,0.43,0.75,528,47,10,Ir,,0.0
DDO019,,36.25083325,36.0377777,9.3,13.14,15.8,2.14,0.76,577,46,10,Ir,,0.0
DDO022,,38.22499994,38.6805555,9.3,13.11,15.65,1.74,0.31,570,90,10,Ir,,0.0
DDO024,,38.4291666,40.5280555,9.8,10.86,13.68,2.62,0.81,581,36,8," ",,0.0
NGC0891,,35.6366666,42.34666664,9.77,5.94,10.71,13.18,0.29,526,82,3," ",,0.0
UGC02172,,40.54499995,43.3552777,9.3,12.37,14.6,1.41,0.61,565,61,10,Ir,,0.0
And XIII,,12.96249999,33.0044444,0.84,13.78,18.2,1.3,0.75,-195,52,-3,Sph,,0.0
Bol520,,12.67666664,32.9163888,0.63,13.31,16.28,0.2,0.89,-312,33,-3,dE,,0.0
And XI,,11.58333332,33.8013889,0.73,14.08,18.5,1.1,0.85,-419,39,-3,Sph,,0.0
And XII,,11.86249999,34.3747222,0.83,14.15,18.7,1.9,0.9,-556,31,-3,Sph,,0.0
And III,,8.89083331,36.4977777,0.75,11.01,15.2,3.63,0.48,-346,90,-3,Sph,,0.0
And I,,11.41666664,38.0372222,0.73,9.59,13.9,2.88,0.78,-376,48,-3,Sph,,0.0
And IV,,10.62541665,40.5758333,6.31,14.54,17.18,1.0,0.77,237,45,10,Ir,,0.0
MESSIER032,M32,10.67541665,40.86638885,0.49,5.1,8.89,8.91,0.71,-202,53,-2,dEem,,0.0
And XV,,18.57791663,38.1174999,0.76,11.62,15.9,1.9,0.85,-323,39,-3,Sph,,0.0
And IX,,13.21999999,43.19999996,0.79,12.3,16.7,4.0,0.75,-216,52,-3,Sph,,0.0
And X,,16.64041663,44.80444435,0.63,12.1,16.7,2.1,0.56,-164,79,-3,Sph,,0.0
Andromeda,M31,10.69,41.27,0.778,0.99,4.29,190.55,0.33,-296,78,3," ",M31.png,2.12e4
NGC0205,,10.09374998,41.68638885,0.82,5.59,8.72,19.5,0.61,-221,64,-2,dE,,0.0
UGC00288,,7.2,43.4316666,6.73,12.99,15.64,1.07,0.62,187,60,10,Ir,,0.0
UGC00064,,1.91,40.8755555,9.6,12.84,15.5,1.66,0.56,305,66,10,Ir,,0.0
And XVIII,,0.560416666,45.0888888,1.36,12.49,17.0,1.4,0.99,-332,10,-3,Sph,,0.0
And XVII,,9.27916665,44.32222216,0.74,13.31,17.7,1.9,0.8,-251,43,-2,Sph,,0.0
And XXVII,,9.36291665,45.3869444,0.83,13.19,17.6,2.8,0.6,-535,71,-3,Sph,,0.0
And XXV,,7.537083325,46.85194435,0.81,11.42,15.9,4.8,0.75,-108,52,-3,Sph,,0.0
NGC0185,,9.74166665,48.336111,0.61,6.56,9.99,12.3,0.85,-203,39,-3,dE,,0.0
NGC0147,,8.29833332,48.5077777,0.76,7.2,10.36,13.49,0.61,-193,70,-3,Sph,,0.0
And XXX,,9.14541666,49.6466666,0.68,,,,,-141,,," ",,0.0
And XXVI,,5.939999995,47.9161111,0.76,13.88,18.4,1.6,0.75,-261,52,-3,Sph,,0.0
And XXIV,,19.62499996,46.366111,0.6,12.78,17.2,3.3,0.75,-128,52,-3,Sph,,0.0
And V,,17.57125,47.6280555,0.81,11.33,15.92,2.4,0.82,-403,43,-3,Sph,,0.0
KKH5,,16.88541664,51.4402777,4.27,13.63,17.1,0.87,0.62,61,60,10,Ir,,0.0
KKH6,,23.71499996,52.0916666,3.73,13.73,17.0,0.87,0.6,60,62,10,Ir,,0.0
IC0010,,5.10208333,59.2916666,0.66,6.51,11.78,6.76,0.87,-346,33,10,Ir,,0.0
KKH11,,36.1458333,56.01166656,3.0,11.74,16.2,1.66,0.54,296,68,10,Ir,,0.0
KKH12,,36.8625,57.4877777,3.0,11.79,17.8,1.7,0.29,70,90,10,Ir,,0.0
MB3,,43.9316666,58.8616666,3.0,10.93,19.38,1.58,0.31,59,90,10,Ir,,0.0
Dw1,,44.2337499,58.9116666,2.8,5.17,15.01,2.0,0.65,112,52,3," ",,0.0
Dw2,,43.5354166,59.0052777,3.0,10.22,17.97,1.0,0.4,94,90,10,Ir,,0.0
Maffei2,,40.47708326,59.6030555,2.8,4.5,14.77,3.8,0.5,-15,63,4," ",,0.0
MB1,,38.89833326,59.3797221,3.0,10.46,17.8,1.07,0.42,190,87,10,Ir,,0.0
Maffei1,,39.1479166,59.65499994,3.01,5.55,13.47,2.69,0.85,66,39,-3," ",,0.0
UGCA092,,68.0012498,63.6138888,3.01,11.0,15.22,2.0,0.5,-95,72,10,Ir,,0.0
NGC1569,,67.7045832,64.8480555,3.06,7.5,11.79,3.98,0.51,-86,60,8," ",,0.0
CamB,,73.2787499,67.0991666,3.34,13.36,16.71,1.48,0.5,78,72,10,Ir,,0.0
UGCA086,,59.9562499,67.1252777,2.96,8.17,13.5,4.47,0.69,72,47,8," ",,0.0
KK35,,56.30249995,67.8638888,3.16,11.06,15.7,2.51,0.68,-66,54,10,Ir,,0.0
IC0342,,56.7037499,68.0958332,3.28,4.57,9.37,21.38,0.91,29,25,6," ",,0.0
KKH34,,89.9216665,73.4275,4.61,13.76,17.1,0.93,0.56,106,66,10,Ir,,0.0
NGC1560,,68.2079166,71.881111,3.45,9.26,12.11,9.77,0.15,-36,90,7," ",,0.0
CamA,,66.315,72.8058333,3.93,11.64,14.84,3.72,0.57,-54,65,10,Ir,,0.0
Cas1,,31.5329166,69.0099999,3.3,9.34,15.29,2.19,0.77,35,45,10,Ir,,0.0
KKH22,,56.23583325,72.0644443,3.5,14.13,18.0,1.05,0.52,,70,10,Tr,,0.0
KKH46,,137.1524997,5.29222222,5.6,14.52,17.05,0.6,0.86,598,34,10,Ir,,0.0
IC0559,,146.1829164,9.61527777,9.4,12.52,14.98,1.32,0.74,541,48,9,BCD,,0.0
LSBC D634-03,,137.2229163,14.58194442,9.55,15.0,17.5,0.47,0.88,335,32,10,Ir,,0.0
LeoT,,143.7224997,17.05138887,0.42,14.03,16.5,2.09,0.71,39,51,10,Ir,,0.0
Segue 1,,151.7633332,16.0736111,0.02,11.98,16.21,7.0,0.52,206,90,-3,Sph,,0.0
LeoP,,155.4379164,18.08805552,2.0,14.75,17.2,0.55,0.54,262,68,10,Ir,,0.0
KDG056,,142.5537498,19.99166664,8.9,14.5,17.02,0.68,0.8,561,41,10,Ir,,0.0
UGC05086,,143.2037499,21.46499996,8.9,12.13,16.36,0.98,0.9,491,31,-3,Sph,,0.0
NGC2903,,143.04,21.50055554,8.87,6.04,9.53,12.59,0.48,556,64,4," ",,0.0
LV J0913+1937,,138.4125,19.61888886,4.43,14.88,17.4,0.54,0.45,445,79,10,Ir,,0.0
LSBC D564-08,,135.725,20.07527774,8.67,15.44,17.9,0.72,0.71,483,51,10,Ir,,0.0
NGC2903-HI-1,,142.66625,21.72361108,8.9,15.73,18.2,0.27,0.75,582,47,10,Ir,,0.0
LSBC D565-06,,139.8724997,21.6033333,9.08,14.79,17.3,0.6,0.86,498,34,10,Ir,,0.0
UGC04115,,119.2574998,14.39083331,7.73,12.13,15.23,1.91,0.56,343,66,10,Ir,,0.0
AGC198507,,138.8575,25.4194444,21.7,16.12,18.6,0.2,0.75,502,47,9,BCD,,0.0
AGC198508,,140.7374998,24.94666662,10.4,15.3,17.8,0.38,0.57,519,65,10,Ir,,0.0
KISSB023,,145.0529165,29.59138886,19.8,13.9,16.32,0.83,0.34,544,90,10,Ir,,0.0
LV J0926+3343,,141.5391666,33.71777776,19.7,15.13,17.8,0.85,0.24,540,79,8," ",,0.0
AGC182595,,132.8004165,27.87999995,6.1,14.68,17.2,0.36,0.58,398,64,9,BCD,,0.0
KUG 0821+321,,126.2708331,32.0175,8.15,14.27,16.8,0.68,0.63,642,59,10,Ir,,0.0
UGC04787,,136.8954165,33.27666664,20.3,11.69,14.6,2.45,0.28,553,76,8," ",,0.0
KK70,,133.8416664,33.5591666,7.7,13.48,17.7,0.5,0.97,,17,-3,Sph,,0.0
NGC2683,,133.1704165,33.41722215,7.73,6.33,10.34,13.49,0.24,411,90,3," ",,0.0
KK69,,133.2112498,33.79777775,7.7,14.93,17.4,1.38,0.76,462,46,10,Ir,,0.0
UGC04704,,134.7512497,39.20999994,15.2,11.91,15.0,4.37,0.11,599,90,8," ",,0.0
UGC05672,,157.087083,22.57138887,11.4,11.55,14.65,3.09,0.28,531,76,8," ",,0.0
NGC3344,,160.875833,24.92361107,6.85,7.44,10.45,7.59,0.9,588,27,4," ",,0.0
AGC749315,,157.2766664,26.9105555,21.5,16.66,19.1,0.11,0.86,645,34,9,BCD,,0.0
NGC3274,,158.07125,27.66861108,7.98,10.74,13.21,2.4,0.48,541,63,7," ",,0.0
AGC731448,,155.9374997,27.1108333,13.5,14.14,16.6,0.48,0.66,540,56,9,BCD,,0.0
AGC731457,,157.9825,28.0258333,9.2,14.34,16.8,0.38,0.64,454,58,10,Ir,,0.0
KKH65,,162.9962497,28.36249997,10.0,13.23,17.4,0.58,0.86,,35,-2,Sph,,0.0
MRK0036,,166.2437498,29.1394444,8.02,14.0,15.61,0.68,0.64,646,58,9,BCD,,0.0
DDO083,,159.1804164,31.54666663,10.9,13.41,15.41,2.04,0.4,582,90,10,Ir,,0.0
NGC3413,,162.8362498,32.7663888,12.02,10.36,13.23,2.22,0.51,634,60,8," ",,0.0
DDO068,,149.1904164,28.82499996,9.8,12.82,14.77,2.0,0.37,503,90,10,Ir,,0.0
UGC05427,,151.1708332,29.36638885,7.11,12.2,14.89,1.38,0.67,498,49,8," ",,0.0
LV J1000+3032,,150.152083,30.53611108,7.1,15.64,18.06,0.28,0.71,501,51,10,Ir,,0.0
LeoA,,149.8599999,30.74638884,0.81,10.49,12.92,5.75,0.61,24,61,10,Ir,,0.0
DDO084,,160.6745832,34.4488888,8.11,11.17,13.73,4.47,0.74,630,43,8," ",,0.0
KUG 1033+366B,,159.0733332,36.4252777,8.1,14.58,17.0,0.6,0.53,620,69,9,Im,,0.0
VV747,,164.445833,36.2608333,9.2,13.07,15.5,1.1,0.56,619,66,10,Ir,,0.0
HS1053+3624,,164.1683332,36.1411111,9.2,15.34,17.76,0.5,0.49,572,74,10,Ir,,0.0
KK109,,176.7966665,43.67194435,4.51,15.68,18.1,0.45,0.67,211,55,10,Ir,,0.0
LV J1052+3628,,163.0229165,36.4766666,9.2,15.5,17.9,0.44,0.69,476,53,10,Ir,,0.0
UGC05983,,163.0729166,36.5933333,9.2,13.6,16.0,1.1,0.61,765,61,10,Ir,,0.0
NGC3432,,163.129583,36.6188888,9.2,9.06,11.67,5.37,0.22,611,80,8," ",,0.0
LV J1052+3639,,163.17,36.6649999,9.2,13.4,15.8,1.68,0.37,511,90,10,Ir,,0.0
NGC3741,,174.0266664,45.2852777,3.03,12.26,14.38,1.48,0.55,229,67,9,BCD,,0.0
UGC06541,,173.3712497,49.2380555,3.89,11.85,14.44,1.74,0.57,249,65,10,Ir,,0.0
KK78,,147.5816665,31.45666663,7.1,15.25,17.68,0.41,0.6,539,62,10,Ir,,0.0
UGC05209,,146.2674998,32.2383333,6.56,13.64,16.06,0.83,0.96,535,18,10,Ir,,0.0
DDO064,,147.593333,31.48749997,7.11,12.45,14.46,2.19,0.38,521,90,10,Ir,,0.0
UGC05186,,145.7491664,33.2644444,8.3,13.87,16.27,1.38,0.23,546,90,10,Ir,,0.0
LV J0954+3620,,148.710833,36.33388886,15.4,15.54,17.93,0.34,0.67,503,55,10,Ir,,0.0
KKH58,,151.844583,38.9697222,18.4,12.94,15.61,1.26,0.48,587,62,8," ",,0.0
NGC3104,,150.9891665,40.75694436,16.0,11.24,13.97,3.55,0.56,603,57,8," ",,0.0
LV J1018+4109,,154.5924997,41.16583325,11.1,14.25,18.4,0.38,0.86,,34,-1,Sph,,0.0
NGC3184,,154.5708333,41.4244444,11.12,7.23,10.36,7.41,0.93,592,22,6," ",,0.0
KUG 1013+414,,154.0649997,41.1663888,11.12,12.73,15.4,1.13,0.39,518,68,8," ",,0.0
KUG 0937+480,,145.0816665,47.77722214,7.88,14.59,17.0,0.85,0.36,546,90,9,Im,,0.0
LV J1000+5022,,150.10625,50.3791666,7.97,14.7,17.1,0.58,0.76,538,46,9,Im,,0.0
LV J1028+4240,,157.1375,42.6688888,7.55,15.01,17.4,0.48,0.71,547,51,10,Ir,,0.0
Willman1,,162.3374998,51.0499999,0.04,11.89,16.04,3.7,0.53,-12,74,-2,Sph,,0.0
KDG078,,172.4749997,52.4038888,9.0,14.29,16.7,0.74,0.71,575,51,10,Tr,,0.0
NGC3990,,179.398333,55.45861104,10.3,9.55,13.43,1.69,0.57,696,65,-1," ",,0.0
NGC3738,,173.9525,54.5227777,4.9,9.61,11.87,3.39,0.73,225,49,9,BCD,,0.0
KKH73,,177.5266664,55.78333324,9.0,14.91,17.3,0.69,0.94,594,22,10,Tr,,0.0
LV J1157+5638,,179.475833,56.63805546,7.03,14.68,17.1,0.48,0.81,416,40,10,Ir,,0.0
DDO092,,168.35875,53.5949999,9.9,13.2,15.6,1.38,0.78,928,44,9,Im,,0.0
M108,NGC3556,167.8791663,55.6738888,9.9,7.04,10.69,5.01,0.25,696,80,6," ",M108.png,55000.0
UMa I,,158.7199997,51.91999995,0.1,11.12,15.29,18.0,0.2,-55,90,-3,Sph,,0.0
UGC06757,,176.7462497,61.33499994,2.73,13.82,16.3,1.1,0.55,82,67,10,Ir,,0.0
DDO043,,112.0716664,40.7702777,5.73,13.07,15.12,1.41,0.69,353,53,10,Ir,,0.0
DDO052,,127.1187498,41.8566666,10.28,12.37,15.27,1.74,0.5,396,72,10,Ir,,0.0
DDO046,,115.3574999,40.1125,6.85,12.2,14.4,1.78,0.94,364,22,10,Ir,,0.0
IC2233,,123.4954164,45.7422222,12.2,10.76,13.07,4.9,0.11,557,90,7," ",,0.0
NGC2537,,123.3112499,45.9905555,12.2,9.13,12.27,2.57,0.88,449,29,8," ",,0.0
NGC2541,,123.6670831,49.0616666,12.4,10.09,12.26,7.08,0.53,559,59,7," ",,0.0
LV J0812+4836,,123.1645831,48.6124999,12.42,14.55,17.1,0.52,0.31,521,90,9,BCD,,0.0
NGC2552,,124.8354165,50.00972216,12.4,10.0,12.69,3.72,0.74,524,43,8," ",,0.0
NGC2500,,120.4716665,50.73722215,12.4,9.28,12.23,3.31,0.84,514,33,7," ",,0.0
UGC03600,,103.9166666,39.0949999,7.24,13.22,16.18,1.91,0.36,398,70,8," ",,0.0
UGC03698,,107.3283332,44.37999995,7.24,12.68,15.41,1.17,0.6,421,62,10,Ir,,0.0
NGC2337,,107.5566666,44.4569444,7.87,10.34,13.48,2.75,0.75,433,47,9,Im,,0.0
UGC03475,,97.6199999,39.5038888,20.0,12.52,15.2,2.09,0.57,487,57,6," ",,0.0
KKH38,,101.9787499,47.51388886,19.3,14.68,17.4,1.38,0.54,451,68,10,Ir,,0.0
UGC03501,,99.6599998,49.25833326,15.5,13.89,16.7,1.12,0.37,451,90,10,Ir,,0.0
UGC03817,,110.6854165,45.1083333,8.55,11.89,15.96,1.74,0.5,437,72,10,Ir,,0.0
LV J0737+4724,,114.3687498,47.4091666,15.7,15.28,18.06,0.42,0.4,404,90,10,Ir,,0.0
CGCG 262-028,,116.8837498,51.1913888,7.1,12.81,14.8,1.0,0.52,454,70,9,BCD,,0.0
KKH40,,116.7349999,51.296111,6.98,14.0,16.6,0.66,0.72,445,50,10,Ir,,0.0
UGC04932,,139.8920832,51.1091666,20.6,13.15,15.17,1.86,0.32,549,73,8," ",,0.0
MCG +09-16-010,,140.8208333,51.9730555,7.35,13.54,16.2,0.92,0.78,484,39,8," ",,0.0
UGC05047,,142.2066665,51.56055545,19.68,13.0,16.0,1.62,0.28,502,76,7," ",,0.0
UGC04879,,139.0091666,52.8399999,1.36,11.5,13.8,3.24,0.56,-25,66,9,BCD,,0.0
UMa II,,132.8749997,63.1299999,0.03,10.35,14.8,25.3,0.5,-116,80,-2,Sph,,0.0
KKH57,,150.0666663,63.1849999,3.91,13.69,17.87,0.6,0.83,,41,-3,Sph,,0.0
UGC05497,,153.2016665,64.1074999,3.7,13.18,15.6,0.89,0.74,150,48,9,BCD,,0.0
DDO087,,162.402083,65.5305555,7.45,11.86,15.15,1.58,0.9,340,29,10,Ir,,0.0
BK6N,,158.6329163,66.0116666,3.85,12.75,16.9,1.1,0.64,,66,-3,Sph,,0.0
KDG063,,151.2804164,66.5549999,3.5,11.53,16.01,1.91,0.88,-129,34,-3,Tr,,0.0
[CKT2009]d0958+66,,149.7020832,66.8497221,4.04,13.41,16.0,0.87,0.58,90,64,9,BCD,,0.0
[CKT2009]d1006+67,,151.6924997,67.201111,3.87,15.32,19.7,0.32,0.97,,17,-3,Sph,,0.0
KDG064,,151.7579166,67.8274999,3.7,11.19,15.52,1.95,0.47,-15,90,-3,Tr,,0.0
BK5N,,151.1679166,68.2555555,3.78,13.2,17.53,0.79,0.75,,52,-3,Sph,,0.0
IKN,,152.024583,68.3991666,3.75,12.16,16.5,2.69,0.85,-140,39,-3,Sph,,0.0
[CKT2009]d1014+68,,153.7325,68.7575,4.57,15.92,20.2,0.2,0.9,,29,-1,Tr,,0.0
[CKT2009]d1015+69,,153.7787497,69.0375,4.07,16.21,20.5,0.25,0.98,,13,-1,Tr,,0.0
UGC04998,,141.3004165,68.3830554,8.24,11.11,15.0,1.78,0.62,632,60,9,BCD,,0.0
KK77,,147.5416666,67.5066666,3.48,11.63,16.3,2.4,0.75,,52,-3,Sph,,0.0
F8D1,,146.2083331,67.4755554,3.77,11.22,15.7,2.19,0.91,-125,29,-3,Sph,,0.0
NGC2976,,146.8149997,67.913611,3.56,7.53,11.01,5.75,0.46,6,64,7," ",,0.0
BK3N,,148.4520832,68.9691665,4.02,16.11,18.78,0.32,0.8,-40,41,10,Ir,,0.0
FM1,,146.2916666,68.7649999,3.4,13.12,17.5,0.89,0.89,,33,-3,Sph,,0.0
GARLAND,,150.9249998,68.6933333,3.82,14.18,16.8,3.98,0.6,43,62,10,Ir,,0.0
NGC3077,,150.8374998,68.7338888,3.82,7.32,10.62,6.46,0.83,19,38,9,dEem,,0.0
ClumpIII,,150.1683332,68.6602776,3.6,17.17,19.8,0.1,0.95,-121,20,10,Ir,,0.0
[CKT2009]d0959+68,,149.8879165,68.6569443,3.6,15.36,18.0,0.79,0.7,-186,52,10,Ir,,0.0
KDG061,,149.26125,68.5916665,3.6,10.86,15.24,1.41,0.58,221,64,-1,Sph,,0.0
ClumpI,,149.338333,68.7152777,3.6,17.17,19.8,0.18,0.72,-165,50,10,Ir,,0.0
HolmIX,,149.385,69.0430554,3.61,11.86,14.53,2.63,0.8,50,41,10,Ir,,0.0
Bode's Galaxy,M81,148.8895832,69.0666666,3.63,3.83,7.79,28.18,0.52,-38,62,3," ",M81.png,35000.0
A0952+69,,149.370833,69.2722221,3.87,14.11,16.8,1.82,0.53,99,69,10,Ir,,0.0
M82,NGC3034,148.974583,69.6824999,3.53,4.67,9.06,11.48,0.38,183,69,8," ",M82gal.png,20000.0
UGC05423,,151.3774997,70.3644443,8.71,11.99,14.42,1.07,0.67,348,55,10,Ir,,0.0
[CKT2009]d1009+70,,152.3954165,70.548611,9.0,13.36,18.0,0.72,0.85,,35,-1,Sph,,0.0
[CKT2009]d0944+69,,146.0937497,69.2111111,3.98,16.52,21.0,0.2,0.99,,10,-3,Sph,,0.0
[CKT2009]d0934+70,,143.5154165,70.2158332,3.66,14.18,19.3,0.59,0.86,,37,-3,Sph,,0.0
[CKT2009]d0955+70,,148.8066664,70.4080555,3.93,14.81,19.5,0.35,0.87,,36,-3,Sph,,0.0
DDO078,,156.6162498,67.6566665,3.72,12.29,16.5,2.0,0.95,55,22,-3,Sph,,0.0
KDG073,,163.2379165,69.5458332,3.7,14.73,17.09,1.2,0.83,116,38,10,Ir,,0.0
IC2574,,157.093333,68.416111,4.02,7.95,10.8,13.18,0.41,43,67,8," ",,0.0
HIJASS J1021+6842,,155.250833,68.6999999,3.7,,,,,46,,11,Ir,,0.0
[CKT2009]d1028+70,,157.1654166,70.233611,4.0,13.69,16.2,0.71,0.77,-114,45,10,Ir,,0.0
[CKT2009]d1041+70,,160.3199996,70.1508332,3.91,16.98,19.6,0.35,0.6,,62,10,Ir,,0.0
DDO082,,157.6458331,70.6194444,4.0,10.29,13.49,3.39,0.59,56,63,9,Im,,0.0
HS117,,155.355,71.116111,3.96,14.5,17.3,1.51,0.6,-37,62,10,Tr,,0.0
NGC2403,Caldwell 7,114.2141666,65.5994443,3.18,6.19,8.8,28.18,0.56,125,57,6," ",ngc2403.png,35000.0
DDO053,,128.527083,66.1791666,3.56,12.77,14.55,2.0,0.87,19,33,10,Ir,,0.0
DDO044,,113.5470832,66.886111,3.19,11.37,15.64,2.82,0.67,213,62,-3,Sph,,0.0
HolmII,,124.7666665,70.7141666,3.39,8.0,11.1,8.91,0.86,157,34,9,Im,,0.0
NGC2366,,112.2274998,69.2052777,3.19,9.14,11.68,7.24,0.36,96,90,10,Ir,,0.0
NGC2787,,139.8275,69.2033332,7.48,7.26,11.82,3.31,0.63,700,55,1," ",,0.0
UGC04483,,129.2625,69.7752777,3.21,13.33,14.95,1.32,0.58,156,64,10,Ir,,0.0
[CKT2009]d0926+70,,141.6162498,70.5066666,3.93,15.74,19.0,0.4,0.75,,47,10,Tr,,0.0
HolmI,,145.1345832,71.1863889,3.84,11.2,13.64,4.57,0.81,139,40,10,Ir,,0.0
[CKT2009]d0939+71,,144.8162497,71.3116665,3.63,17.09,19.6,0.35,0.85,,35,10,Tr,,0.0
[CKT2009]d0944+71,,146.1433332,71.4824999,3.39,12.47,16.7,0.89,0.62,,60,-1,Tr,,0.0
KDG052,,125.9833332,71.0294444,3.55,13.63,16.35,1.26,0.92,116,26,10,Ir,,0.0
UGC06456,,172.0024997,78.9913888,4.35,12.48,14.27,1.48,0.53,-94,69,10,Ir,,0.0
KKH37,,101.9408332,80.1238887,3.39,13.75,16.4,1.15,0.67,11,55,10,Ir,,0.0
BootesI,,209.9999997,14.49999998,0.07,9.49,13.66,20.0,0.61,99,64,-2,Sph,,0.0
DDO187,,213.9854162,23.05527775,2.2,12.46,14.38,1.7,0.76,160,46,10,Ir,,0.0
KKR25,,243.448333,54.37111105,1.86,12.86,17.0,1.1,0.59,-79,63,-1,Sph,,0.0
Draco,,260.0058327,57.9094444,0.08,6.69,10.9,35.48,0.69,-296,59,-3,Sph,,0.0
UGC08638,,204.8308332,24.7758333,4.27,11.53,14.47,1.66,0.67,276,55,10,Ir,,0.0
AGC238890,,203.1262497,25.12361106,6.8,14.2,16.6,0.83,0.63,360,59,9,BCD,,0.0
AGC732602,,200.2699998,24.1433333,7.2,14.71,17.1,0.62,0.43,925,83,10,Ir,,0.0
BootesIII,,209.280833,26.77499995,0.05,8.41,12.6,56.0,0.65,198,64,-3,Sph,,0.0
CVnI,,202.014583,33.55583325,0.22,9.79,13.94,14.3,0.61,31,70,-3,Sph,,0.0
CGCG 189-050,,199.2704165,37.9524999,5.04,13.2,15.6,0.85,0.77,324,45,9,BCD,,0.0
KK230,,211.794583,35.0602777,2.14,14.55,17.5,0.76,0.83,63,38,10,Ir,,0.0
UGC08833,,208.7029162,35.8374999,3.08,12.31,15.3,1.17,0.89,221,30,10,Ir,,0.0
MRK0475,,219.7724998,36.8061111,9.2,14.01,16.41,0.45,0.75,583,47,9,BCD,,0.0
DDO190,,216.1812498,44.52583324,2.74,10.72,13.1,2.4,0.89,150,30,9,Im,,0.0
DDO183,,207.7129164,38.02111104,3.22,12.04,14.45,2.4,0.32,188,90,10,Ir,,0.0
KK227,,209.042083,40.3033333,10.0,13.36,17.5,0.71,0.81,,42,-2,Ir,,0.0
DDO182,,205.635833,39.65833324,8.9,13.3,15.69,1.32,0.74,663,48,10,Ir,,0.0
DDO181,,204.9741663,40.7391666,3.01,11.85,14.22,2.4,0.57,214,65,10,Ir,,0.0
MCG +08-25-028,,204.1866664,44.5991666,7.74,13.49,15.9,0.95,0.52,480,70,10,Ir,,0.0
NGC4656,,190.9899998,32.1702777,5.4,8.0,10.96,12.88,0.15,638,87,8," ",,0.0
KK165,,192.219583,31.97027774,5.4,13.34,17.5,0.72,0.93,,24,-1,Tr,,0.0
FGC1497,,191.7524997,32.6513888,23.4,14.13,16.8,1.07,0.17,519,84,8," ",,0.0
BTS151,,190.8524996,32.4822222,7.3,13.24,17.4,0.78,0.61,,64,-2,Sph,,0.0
NGC4631,,190.533333,32.5413888,7.38,6.47,9.75,16.6,0.17,583,86,7," ",,0.0
NGC4627,,190.4987497,32.57361106,7.3,8.85,13.01,1.82,0.69,542,59,-3," ",,0.0
LV J1243+3232,,190.935833,32.5344444,7.3,14.84,19.0,0.35,0.65,,57,-1,Sph,,0.0
LV J1241+3251,,190.447083,32.8577777,7.3,13.98,16.4,0.79,0.57,693,65,10,Ir,,0.0
UGCA292,,189.6666663,32.7666666,3.61,14.24,16.07,1.02,0.7,308,52,10,Ir,,0.0
DDO143,,191.104583,34.3863888,9.1,13.58,16.0,2.24,0.36,607,90,10,Ir,,0.0
CVnII,,194.2916663,34.32083326,0.16,12.81,16.95,2.5,0.61,-129,70,-3,Sph,,0.0
NGC4861,,194.758333,34.86027775,7.3,10.46,12.9,3.63,0.38,842,90,9,Im,,0.0
KK166,,192.3054164,35.6125,4.74,13.47,17.62,0.6,0.59,,73,-3,Tr,,0.0
KK152,,188.3537496,33.35138884,6.9,13.88,16.3,1.07,0.43,838,83,10,Ir,,0.0
MAPS1236+33,,189.2058332,33.6133333,11.7,14.49,16.9,0.56,0.43,526,83,10,Ir,,0.0
NGC4534,,188.5229165,35.5183333,9.8,11.21,13.2,3.02,0.66,802,49,8," ",,0.0
UGC07605,,187.1624997,35.7180555,4.43,12.4,14.76,1.48,0.73,310,49,10,Ir,,0.0
DDO127,,187.1187498,37.2333333,6.89,12.57,14.98,1.62,0.5,275,72,10,Ir,,0.0
UGC07699,,188.1999996,37.6216666,14.5,11.15,13.3,3.98,0.27,495,77,7," ",,0.0
BTS142,,188.280833,38.116111,10.0,16.04,18.44,0.33,0.98,719,13,10,Ir,,0.0
DDO147,,191.7491664,36.47638884,5.4,12.7,15.12,1.45,0.79,331,42,10,Ir,,0.0
BTS146,,190.0087496,38.0005555,8.5,15.08,17.5,0.34,0.55,446,67,10,Ir,,0.0
IC3687,,190.5629164,38.5019444,4.57,11.12,13.79,5.13,0.88,350,32,10,Ir,,0.0
Arp211,,189.3387498,38.7452777,6.61,13.32,15.74,0.85,0.57,458,65,10,Ir,,0.0
LV J1243+4127,,190.982083,41.4569444,6.09,14.78,17.2,1.38,0.43,402,83,10,Ir,,0.0
IC4182,,196.4554165,37.6058333,4.7,9.72,12.02,6.61,0.92,321,23,8," ",,0.0
CGCG 217-018,,198.215833,40.5430555,8.33,12.59,14.93,1.0,0.67,555,55,9,BCD,,0.0
KK193,,198.8799997,41.5013888,8.9,16.29,18.7,0.56,0.91,,27,10,Tr,,0.0
KK191,,198.4154163,42.0441666,6.0,15.8,18.2,0.42,0.96,,18,10,Tr,,0.0
NGC5055,,198.9554165,42.0291666,8.99,5.61,9.32,16.22,0.57,500,58,4," ",,0.0
KKH82,,198.244583,41.7866666,8.06,14.0,16.4,1.15,0.79,529,42,10,Tr,,0.0
NGC5023,,198.0495832,44.038611,6.61,9.74,12.85,7.24,0.11,407,90,7," ",,0.0
NGC4736,,192.7229163,41.1194444,4.66,5.11,8.7,15.14,0.81,308,38,2," ",,0.0
MAPS1249+44,,192.3791663,44.3591666,7.84,14.69,17.1,0.47,0.53,513,69,9,Im,,0.0
BTS157,,192.8054164,47.07083326,8.83,15.01,17.5,0.52,0.82,572,39,10,Ir,,0.0
DDO126,,186.7712498,37.1425,4.88,11.53,14.12,2.88,0.63,217,59,10,Ir,,0.0
KDG105,,185.4291665,37.98722215,7.6,14.28,16.7,0.83,0.59,567,63,10,Ir,,0.0
NGC4244,,184.374583,37.8075,4.49,7.72,10.88,19.5,0.11,247,90,6," ",,0.0
KUG 1218+387,,185.2287496,38.43027775,8.03,12.98,15.4,1.17,0.71,570,51,9,BCD,,0.0
UGC7719,,188.5024997,39.0194444,9.2,12.59,15.25,2.14,0.29,679,75,8," ",,0.0
UGC07774,,189.0937497,40.0052777,22.6,11.11,14.6,3.16,0.16,528,89,7," ",,0.0
UGC7678,,188.0016664,39.8319444,6.9,12.48,14.5,1.78,0.52,679,70,9,Im,,0.0
UGC7751,,188.7991665,41.0608333,7.9,14.05,16.5,1.21,0.34,605,90,9,Im,,0.0
NGC4618,,190.3866663,41.15083324,7.9,8.66,11.31,4.17,0.76,536,41,6," ",,0.0
NGC4625,,190.469583,41.27388884,7.9,9.75,13.03,1.66,0.78,606,39,7," ",,0.0
NGC4490,,187.6516664,41.64361106,5.8,7.35,9.76,6.31,0.49,586,62,7," ",,0.0
MAPS1231+42,,187.7874997,42.0941666,5.8,15.38,17.8,0.33,0.68,563,54,10,Ir,,0.0
NGC4485,,187.6299997,41.69999996,5.8,10.58,12.32,2.34,0.7,480,46,8," ",,0.0
KK149,,187.2179164,42.1777777,8.9,12.56,15.01,0.93,0.63,407,59,10,Ir,,0.0
UGC07690,,188.1120832,42.7041666,11.2,11.4,13.13,2.09,0.79,536,38,8," ",,0.0
KK151,,187.5991663,42.9013888,6.56,13.38,15.8,1.12,0.42,436,87,9,Im,,0.0
DDO129,,187.1841664,43.2241666,8.9,11.01,13.67,2.82,0.89,538,27,8," ",,0.0
DDO125,,186.9241665,43.4938888,2.74,10.23,12.95,3.89,0.56,206,66,9,Im,,0.0
LV J1228+4358,,187.187083,43.97166664,4.07,11.77,14.2,3.98,0.27,,90,10,Tr,,0.0
NGC4449,,187.0466665,44.0944444,4.21,7.25,9.99,6.76,0.71,201,45,8," ",,0.0
KK133,,184.8866663,43.3863888,8.23,15.3,17.7,0.47,0.68,561,54,10,Ir,,0.0
UGC07271,,183.8891665,43.4341666,18.6,13.16,14.9,2.4,0.34,546,72,7," ",,0.0
UGC07320,,184.3687498,44.81138885,9.2,13.0,15.4,1.2,0.44,541,81,10,Ir,,0.0
NGC4242,,184.375833,45.6194444,7.9,9.12,11.59,5.5,0.76,517,41,7," ",,0.0
NGC4144,,182.497083,46.45722214,7.24,9.39,12.05,6.17,0.21,265,82,7," ",,0.0
LV J1203+4739,,180.7499997,47.6541666,7.49,14.78,17.2,0.94,0.46,492,78,10,Ir,,0.0
KK160,,190.9891665,43.6613888,4.31,14.98,17.43,0.59,0.75,293,47,10,Ir,,0.0
UGC07827,,189.912083,44.82083326,8.5,13.54,15.96,1.25,0.58,553,64,10,Ir,,0.0
NGC4460,,187.190833,44.8644444,9.59,9.06,12.26,4.27,0.3,499,90,1," ",,0.0
UGC07639,,187.470833,47.52999994,7.14,11.73,14.13,2.14,0.54,385,68,9,Im,,0.0
UGCA281,,186.5666663,48.49194435,5.68,12.51,15.14,1.05,0.75,279,47,10,Ir,,0.0
DDO120,,185.3124997,45.81138885,7.06,10.77,13.55,2.4,0.62,463,60,9,Im,,0.0
CVnHI,,185.180833,46.2091666,6.5,,,,,420,,11,Ir,,0.0
NGC4288,,185.1587497,46.2916666,8.05,11.3,13.3,2.34,0.71,533,45,7," ",,0.0
d1220+4649,,185.2291663,46.8291666,7.8,15.23,19.4,0.25,0.83,,41,-3,Sph,,0.0
KK136,,185.1691665,47.00083325,7.8,13.33,17.5,0.47,0.87,,36,-3,Sph,,0.0
KDG101,,184.7879163,47.08972214,7.24,13.33,15.75,1.29,0.59,132,63,10,Ir,,0.0
d1219+4705,,184.903333,47.09249994,7.8,14.4,18.6,0.29,0.95,,22,-3,Sph,,0.0
NGC4258,,184.7395831,47.30388885,7.83,5.46,9.1,18.62,0.39,447,71,4," ",,0.0
LV J1218+4655,,184.54625,46.9169444,6.54,14.16,16.83,0.91,0.28,420,76,8," ",,0.0
LV J1217+4703,,184.292083,47.0636111,7.8,16.09,18.5,0.3,0.76,,46,10,Tr,,0.0
NGC4248,,184.4579165,47.4091666,7.4,10.59,13.14,3.31,0.43,484,66,8," ",,0.0
KK134,,184.8908332,47.4516666,7.8,12.84,17.0,0.37,0.94,,24,-3,Sph,,0.0
[KKH2011]S11,,185.1254164,47.4902777,7.8,16.33,20.5,0.28,0.9,,31,-3,Sph,,0.0
KK132,,184.777083,47.7308333,7.8,14.34,18.5,0.36,0.84,,37,-1,Sph,,0.0
BTS132,,185.9424997,47.6588888,7.8,14.23,18.4,0.39,0.68,,60,-3,Sph,,0.0
UGC07267,,183.848333,51.34999994,12.9,11.94,14.79,2.09,0.32,473,73,8," ",,0.0
UGC07298,,184.1191664,52.2272222,4.21,13.29,15.95,0.85,0.55,174,67,10,Ir,,0.0
MCG +09-20-131,,183.944583,52.38749996,4.59,12.86,15.3,1.05,0.3,159,90,10,Ir,,0.0
NGC4068,,181.0099996,52.58861106,4.31,10.76,13.19,2.95,0.53,210,69,9,Im,,0.0
KK194,,199.3312498,44.3966666,10.0,15.19,17.6,0.63,0.58,,64,10,Ir,,0.0
DDO168,,198.6191664,45.9194444,4.33,11.11,12.97,3.89,0.39,191,90,10,Ir,,0.0
NGC5194,,202.469583,47.23444435,8.4,5.5,8.61,15.85,0.62,446,53,5," ",,0.0
NGC5195,,202.494583,47.2680555,7.66,6.25,10.45,6.92,0.92,455,25,0," ",,0.0
NGC5229,,203.512083,47.91527774,8.0,11.67,14.33,3.39,0.13,359,90,7," ",,0.0
LV J1328+4937,,202.1299997,49.62722215,8.02,14.91,17.3,0.45,0.55,395,67,10,Ir,,0.0
DDO167,,198.3449997,46.3197222,4.19,13.45,15.45,1.1,0.55,150,67,10,Ir,,0.0
UGC08215,,197.015,46.8280555,4.55,13.64,16.03,0.85,0.7,224,52,10,Ir,,0.0
DDO169,,198.8779164,47.4963888,4.41,12.17,14.46,2.95,0.33,262,90,10,Ir,,0.0
DDO169NW,,198.8337498,47.54361105,4.2,15.61,18.0,0.78,0.71,242,51,10,Ir,,0.0
LV J1342+4840,,205.5837498,48.6824999,7.44,13.91,16.3,0.78,0.69,438,53,9,Im,,0.0
UGCA361,,203.150833,49.8302777,8.0,12.57,16.7,0.98,0.59,,63,-1,Tr,,0.0
NGC5238,,203.6779165,51.6138888,4.51,11.5,13.55,2.09,0.82,229,39,10,Ir,,0.0
HolmIV,,208.6879164,53.9047221,7.21,11.04,13.76,4.07,0.3,140,74,8," ",,0.0
UGC08882,,209.310833,54.1008333,8.32,13.72,15.77,1.07,0.73,348,49,-1,dE,,0.0
GBT 1355+5439,,208.710833,54.6472221,7.41,,,,,210,,11,HIcld,,0.0
UGC08508,,202.6849997,54.9099999,2.69,11.57,14.12,2.14,0.59,56,63,10,Ir,,0.0
NGC5204,,202.4016664,58.4177777,4.66,9.51,11.73,5.13,0.6,201,54,8," ",,0.0
NGC4707,,192.0954164,51.1647222,5.8,11.73,13.43,2.09,0.8,468,41,10,Ir,,0.0
UGC07950,,191.7349999,51.6130555,8.9,12.12,14.6,1.38,0.74,508,48,9,Im,,0.0
KDG192,,190.9374997,53.9588888,7.45,14.2,16.6,1.07,0.63,443,59,10,Ir,,0.0
SBS 1224+533,,186.7191664,53.1052777,5.35,13.68,16.1,0.8,0.69,300,53,9,BCD,,0.0
NGC4605,,190.0012497,61.60805545,5.47,7.76,10.89,6.17,0.37,151,70,8," ",,0.0
DDO123,,186.5337497,58.3224999,10.5,11.85,14.5,2.78,0.79,722,38,8," ",,0.0
UGC09660,,225.2887496,44.6980555,7.4,11.74,14.35,1.2,0.49,608,74,9,BCD,,0.0
NGC5474,,211.2587496,53.66305545,7.2,9.48,11.48,4.79,0.9,288,26,8," ",,0.0
NGC5477,,211.3879163,54.46083326,7.7,11.79,14.19,2.04,0.76,312,46,9,Im,,0.0
MESSIER101,,210.803333,54.35055545,7.38,5.51,8.31,30.2,0.93,240,22,6," ",,0.0
DDO194,,218.8524996,57.2566666,8.02,11.87,14.52,2.14,0.35,218,71,8," ",,0.0
NGC5585,,214.9512496,56.7302777,5.7,9.5,11.2,5.89,0.64,303,51,7," ",,0.0
KKH87,,213.7891663,57.0874999,7.2,13.7,16.1,1.12,0.37,320,90,10,Ir,,0.0
NGC6503,,267.3649995,70.1447221,5.27,7.3,10.86,7.08,0.34,51,73,6," ",,0.0
UMin,,227.297083,67.2144444,0.06,7.67,11.9,30.2,0.44,-255,90,-3,Sph,,0.0
UGC09992,,235.4491663,67.2541666,7.3,12.9,15.4,1.66,0.61,423,61,10,Ir,,0.0
KDG235,,255.1054163,70.2899999,10.6,14.31,16.8,1.29,0.81,443,40,10,Ir,,0.0
KDG229,,208.4233332,60.05111105,8.0,14.1,16.5,0.85,0.57,,65,10,Ir,,0.0
DDO165,,196.6116665,67.7041665,4.57,11.14,13.31,4.07,0.54,31,68,9,Im,,0.0
UGC07242,,183.530833,66.0922222,5.42,12.18,14.6,1.23,0.42,66,87,10,Ir,,0.0
NGC4236,,184.1804164,69.4655554,4.45,7.5,10.05,21.88,0.32,-3,73,8," ",,0.0
UGC08245,,197.1424998,78.9369444,1.99,12.2,14.75,2.14,0.41,-58,90,9,Im,,0.0
Segue 3,,320.379166,19.1172222,0.02,11.43,15.9,1.3,0.7,,58,-3,Sph,,0.0
And XXVIII,,338.171666,31.21611108,0.65,12.27,16.7,1.7,0.66,,56,-1,Tr,,0.0
KKH98,,356.391666,38.7177777,2.45,13.82,16.7,1.05,0.55,-132,67,10,Ir,,0.0
And XXI,,358.6987496,42.47083324,0.86,11.33,15.8,5.5,0.8,-361,45,-3,Sph,,0.0
UGC12588,,351.176666,41.3480555,7.9,10.89,14.11,1.86,0.82,425,35,8," ",,0.0
DDO217,,352.494583,40.9902777,9.7,9.6,12.84,5.25,0.82,424,35,8," ",,0.0
NGC7640,,350.5275,40.8455555,7.9,8.6,11.61,10.47,0.19,369,90,5," ",,0.0
Cas dSph,,351.6324994,50.6755555,0.79,8.79,13.65,3.02,0.87,-307,36,-3,Sph,,0.0
KKR60,,316.470833,57.20527766,5.9,11.47,18.0,0.71,0.7,-14,52,10,Ir,,0.0
KKR59,,315.850833,57.2872221,5.89,9.57,15.7,2.29,0.61,-3,53,8," ",,0.0
Cepheus1,,312.790416,56.8899999,6.0,9.05,15.4,3.02,0.5,33,61,8," ",,0.0
KKR56,,312.100416,58.61833325,5.89,12.38,17.6,0.71,0.64,-43,58,10,Ir,,0.0
KKR55,,311.3366664,60.41111104,5.89,11.96,17.0,0.6,0.67,32,55,10,Ir,,0.0
NGC6946,,308.712916,60.1541666,5.89,5.37,9.61,14.79,0.85,51,32,6," ",,0.0
KK251,,307.6333327,60.353611,5.89,12.98,16.5,1.58,0.5,130,72,10,Ir,,0.0
UGC11583,,307.5637497,60.4402777,5.89,12.3,15.9,2.19,0.24,126,90,10,Ir,,0.0
KK252,,307.8858327,60.81333325,5.89,12.57,16.7,0.89,0.99,138,9,10,Ir,,0.0
NGC6789,,289.174166,63.9727777,3.63,11.2,13.76,1.41,0.77,-140,45,9,BCD,,0.0
UGC11411,,287.17625,70.2838888,4.73,12.8,15.6,0.79,0.7,69,52,9,BCD,,0.0
ESO349-031,,2.055416664,-34.57833326,3.21,13.02,15.71,1.23,0.82,221,39,10,Ir,,0.0
ESO348-009,,357.3474997,-37.7736111,11.5,12.41,14.81,2.29,0.36,647,90,10,Ir,,0.0
NGC7793,,359.4558326,-32.58999996,3.91,6.85,9.72,14.13,0.68,227,48,6," ",,0.0
ESO410-005,,3.88083333,-32.1799999,1.92,12.5,14.9,1.62,0.77,36,45,10,Tr,,0.0
UGCA442,,355.941666,-31.9591666,4.27,11.42,13.6,6.31,0.14,267,90,8," ",,0.0
UGCA438,,351.6145826,-32.3905555,2.18,11.04,13.89,2.14,0.8,62,41,10,Ir,,0.0
ESO409-015,,1.382499998,-28.0980555,7.7,12.74,15.15,1.2,0.46,726,78,9,Im,,0.0
NGC0024,,2.485,-24.9633333,9.9,8.96,12.38,7.24,0.22,550,85,5," ",,0.0
NGC0045,,3.516249994,-23.1822222,9.2,9.09,11.55,8.51,0.69,465,47,8," ",,0.0
NGC0253,,11.89291665,-25.29222218,3.94,3.77,7.92,37.15,0.22,243,85,5," ",,0.0
Sc22,,5.96541666,-24.705,4.21,13.57,17.73,0.93,0.78,,48,-3,Sph,,0.0
ESO473-024,,7.84374999,-22.7658333,9.9,13.96,16.38,1.55,0.59,530,63,10,Ir,,0.0
DDO006,,12.45541665,-21.0161111,3.34,13.26,15.3,2.29,0.41,292,90,10,Ir,,0.0
DDO226,,10.76583331,-22.25027775,4.92,12.48,14.9,2.24,0.36,359,90,10,Ir,,0.0
NGC0247,,11.78458332,-20.75999998,3.65,7.43,9.86,25.12,0.32,161,74,7," ",,0.0
ESO540-032,,12.60249997,-19.9069444,3.42,14.01,16.44,1.51,0.92,228,26,10,Ir,,0.0
NGC0059,,3.85458333,-21.44388885,5.3,10.1,12.97,2.29,0.48,361,90,-3,dEem,,0.0
KDG002,,12.33791665,-18.07444442,3.4,13.93,16.37,1.23,0.92,224,26,10,Tr,,0.0
WLM,,0.4920833326,-15.46111109,0.97,9.0,11.03,11.48,0.35,-122,90,9,Im,,0.0
Cetus,,6.545833325,-11.04444443,0.78,10.19,14.4,4.79,0.67,-87,55,-1,Tr,,0.0
IC1613,,16.19916663,2.1,0.73,7.43,9.88,19.05,0.9,-232,29,10,Ir,,0.0
KDG010,,25.92249996,15.6897222,7.87,13.64,16.28,1.45,0.67,789,55,10,Ir,,0.0
DDO013,,25.03999996,15.9047222,9.04,11.76,14.37,4.57,0.78,631,44,10,Ir,,0.0
UGC01171,,24.9233333,15.90305554,7.38,13.13,15.71,1.29,0.92,738,26,10,Ir,,0.0
NGC0628,,24.1720833,15.78666665,7.31,6.85,9.79,11.22,0.94,657,20,5," ",,0.0
UGC01056,,22.19666662,16.68805554,7.3,12.0,14.81,1.0,0.68,595,54,9,Im,,0.0
UGC01104,,23.17624996,18.3158333,7.55,11.81,14.48,1.78,0.6,688,62,9,BCD,,0.0
PiscesII,,344.629166,5.95249999,0.18,12.84,17.2,1.8,0.69,,59,-3,Sph,,0.0
AGC748778,,1.64333333,15.5108333,5.4,16.29,18.9,0.32,0.52,258,70,10,Ir,,0.0
UGC00685,,16.84291664,16.68388887,4.51,11.64,14.22,2.4,0.71,156,51,9,BCD,,0.0
LGS 3,,15.97916664,21.88499998,0.65,12.49,15.0,2.4,0.58,-286,64,10,Tr,,0.0
Pegasus,,352.142083,14.74666664,0.76,9.87,13.21,5.5,0.54,-184,68,10,Ir,,0.0
Peg dSph,,357.9433327,24.5861111,0.82,9.81,14.17,3.98,0.59,-345,73,-3,Sph,,0.0
UGC12713,,354.5604164,30.7091666,12.2,11.5,14.81,1.78,0.47,295,63,7," ",,0.0
And XXIX,,359.731666,30.75555553,0.73,12.72,17.0,2.7,0.65,,60,-2,Sph,,0.0
And XIX,,4.88374999,35.04361105,0.93,12.45,16.8,6.2,0.83,-111,41,-3,Sph,,0.0
And XX,,1.877916665,35.1322222,0.8,14.67,19.0,0.8,0.7,-456,58,-3,Sph,,0.0
UGC12894,,0.0937499999,39.4955555,8.47,14.02,16.8,1.02,0.87,335,33,10,Ir,,0.0
NGC2188,,92.5395833,-34.10611105,7.4,9.5,12.14,4.68,0.25,745,78,8," ",,0.0
HIPASS J0607-34,,91.8320832,-34.2044444,7.4,11.5,14.09,1.02,0.67,765,55,9,BCD,,0.0
ESO364-029,,91.4391665,-33.0816666,7.59,10.27,13.67,3.55,0.71,787,51,9,Im,,0.0
ESO489-056,,96.5708333,-26.2655555,4.99,13.09,15.7,0.72,0.5,492,72,10,Ir,,0.0
ESO490-017,,99.4858332,-25.99972218,4.23,12.0,14.01,1.7,0.76,505,46,10,Ir,,0.0
ESO558-011,,106.7366665,-22.04055553,8.4,10.2,14.43,1.82,0.56,731,57,8," ",,0.0
HIPASS J0705-20,,106.4374999,-20.99166664,7.23,,,,,766,,0," ",,0.0
NGC2283,,101.4695832,-18.21027776,10.0,8.83,12.93,3.63,0.76,841,41,6," ",,0.0
KKSG9,,101.7370832,-17.94138888,10.0,11.66,16.4,0.5,0.7,693,52,9,BCD,,0.0
IC2171,,101.1137498,-17.93249997,9.9,10.81,15.17,1.91,0.21,789,81,8," ",,0.0
CGMW1-260,,99.5004165,-15.02277776,10.8,10.0,13.7,3.16,0.44,746,65,8," ",,0.0
NGC1744,,74.9924999,-26.02666664,10.0,9.78,11.71,6.92,0.54,741,58,7," ",,0.0
ESO486-021,,75.8320833,-25.42305553,10.0,11.43,14.37,1.51,0.76,831,46,9,BCD,,0.0
ESO553-046,,81.7737499,-20.67805552,5.07,12.0,14.6,1.12,0.71,541,51,9,BCD,,0.0
UGCA127sat,,95.2283332,-8.65027777,8.5,11.32,16.9,0.69,0.32,,90,10,Ir,,0.0
UGCA127,,95.2320832,-8.49555555,8.5,8.31,14.1,5.25,0.28,732,77,6," ",,0.0
WHI B0619-07,,95.5574999,-7.83777776,8.4,9.51,14.63,1.74,0.53,759,59,8," ",,0.0
HIZSS003,,105.1220832,-4.20833333,1.67,11.39,18.0,0.5,0.6,298,62,10,Ir,,0.0
AGC174605,,117.5904166,7.79444443,6.0,15.56,18.0,0.34,0.94,351,22,10,Ir,,0.0
AGC174585,,114.0429166,9.98638888,6.1,15.39,17.9,0.4,0.62,356,60,10,Ir,,0.0
UGC03755,,108.4658332,10.52194443,7.41,11.66,14.07,1.86,0.59,311,63,10,Ir,,0.0
KK65,,115.6299998,16.5611111,8.02,12.53,15.34,1.12,0.56,281,66,10,Ir,,0.0
DDO047,,115.4791666,16.80055555,8.05,11.0,13.62,4.68,0.85,270,32,8," ",,0.0
NGC1637,,70.3674999,-2.85805555,9.29,7.98,11.47,4.37,0.79,713,39,6," ",,0.0
UGC03303,,81.2479165,4.50499999,7.14,10.73,13.95,5.62,0.78,519,39,8," ",,0.0
Orion,,86.2583333,5.068333325,6.46,10.9,15.4,3.09,0.48,368,62,8," ",,0.0
A0554+07,,89.4029166,7.49194443,5.5,13.72,18.4,0.72,0.4,428,90,10,Ir,,0.0
HIPASS J0630+08,,97.5374998,8.37694444,3.55,,,,,367,,10,Ir,,0.0
KK49,,85.4229165,6.68166666,5.15,10.39,16.1,1.15,0.71,455,51,9,BCD,,0.0
UGC03476,,97.6216666,33.3019444,7.01,12.7,15.98,1.48,0.3,469,90,10,Ir,,0.0
ESO379-024,,181.2362498,-35.7430555,4.88,13.93,16.58,0.74,0.75,632,47,10,Ir,,0.0
ESO379-007,,178.6791665,-33.5580555,5.22,13.6,16.6,0.93,0.73,644,49,10,Ir,,0.0
HIPASS J1133-32,,173.2958332,-32.9619444,6.7,13.68,16.27,0.52,0.5,709,72,10,Ir,,0.0
HIPASS J1131-31,,172.8966665,-31.67222217,6.7,14.38,17.0,1.0,0.6,715,62,10,Ir,,0.0
NGC5068,,199.7304163,-21.03916663,5.45,7.55,10.52,10.0,0.88,668,29,6," ",,0.0
KK176,,194.9845832,-19.4130555,6.9,14.0,16.5,1.48,0.58,825,64,10,Ir,,0.0
DDO161,,195.8199996,-17.42305553,7.3,10.38,13.5,7.94,0.13,744,90,8," ",,0.0
UGCA319,,195.5599997,-17.23749997,7.3,12.07,15.08,1.26,0.69,755,53,10,Ir,,0.0
MCG -03-34-002,,196.9858332,-16.68916665,7.9,12.55,14.79,1.23,0.63,959,59,9,BCD,,0.0
DDO153,,193.4895831,-12.1086111,8.0,12.03,14.59,2.54,0.31,821,90,9,Im,,0.0
NGC4700,,192.2816664,-11.41138887,7.3,10.49,12.63,4.07,0.21,1411,82,7," ",,0.0
KKSG33,,190.037083,-12.3647222,9.3,14.22,18.5,0.5,0.99,,10,-3,Sph,,0.0
KKSG34,,190.3287499,-11.92749998,9.3,13.69,18.0,0.69,0.88,,34,-3,Sph,,0.0
KKSG32,,189.9791663,-11.74666664,9.3,14.21,18.5,0.6,0.83,,41,-3,Sph,,0.0
SUCD1,,190.0129163,-11.66777776,9.3,14.7,18.4,0.1,0.96,1305,18,-1,dE,,0.0
NGC4594,,189.9962497,-11.62305554,9.3,4.96,8.98,11.75,0.51,1090,66,1," ",,0.0
ESO572-034,,179.742083,-19.02999998,8.5,11.5,14.27,1.32,0.51,1114,71,9,BCD,,0.0
LV J1235-1104,,188.9141663,-11.0672222,10.0,13.18,15.7,0.43,0.9,1110,29,10,Ir,,0.0
KKSG29,,189.3087497,-10.49749999,7.7,14.08,16.54,1.41,0.43,756,83,10,Ir,,0.0
KKSG31,,189.6404165,-10.49027777,9.3,13.48,17.7,0.79,0.88,,34,-3,Sph,,0.0
KKSG30,,189.399583,-8.86722221,9.1,13.82,16.3,0.87,0.5,1105,72,10,Ir,,0.0
MCG-02-33-075,,194.6179164,-10.57694443,8.7,11.8,14.7,2.96,0.46,1267,64,8," ",,0.0
KDG218,,196.433333,-7.7,5.0,12.52,16.8,1.82,0.71,,51,-1,Tr,,0.0
KKH86,,208.6399996,4.24305555,2.59,14.09,16.88,0.85,0.71,287,51,10,Ir,,0.0
KKR08,,214.8116664,3.123888887,8.0,13.76,18.0,0.56,0.82,,41,-2,Sph,,0.0
KKSG38,,193.3816663,-5.92777777,10.4,14.51,17.0,0.87,0.46,1071,78,10,Ir,,0.0
HIPASS J1258-04,,194.7066665,-4.88861111,6.5,12.81,15.26,0.85,0.42,1318,87,10,Ir,,0.0
DDO148,,192.179583,-5.25388889,9.0,10.99,13.7,2.34,0.74,1337,43,8," ",,0.0
NGC4597,,190.0537498,-5.799166655,10.1,11.68,12.58,5.56,0.46,1039,64,8," ",,0.0
KDG155,,188.283333,-0.533055555,8.11,13.96,16.4,1.2,0.74,750,48,10,Ir,,0.0
NGC4517,,188.189583,0.1149999998,9.7,7.33,11.09,12.02,0.13,1134,90,7," ",,0.0
CGCG 014-054,,187.7658332,1.67583333,9.6,13.18,15.6,1.27,0.58,1105,64,9,Im,,0.0
UGC07512,,186.4220832,2.158888884,10.6,12.78,15.2,1.45,0.52,1506,70,10,Ir,,0.0
NGC4600,,190.095833,3.11777777,7.35,9.81,13.7,1.62,0.67,852,53,0,dS0em,,0.0
UGC07983,,192.445833,3.842222215,9.4,13.69,16.2,0.81,0.68,694,54,10,Ir,,0.0
NGC4765,,193.3099997,4.46305555,9.7,10.82,13.37,1.86,0.73,722,49,9,BCD,,0.0
VCC1713,,189.3712497,4.75138888,7.2,13.42,15.86,0.58,0.59,1638,63,9,Im,,0.0
VCC1822,,190.043333,6.84694444,8.1,13.97,16.4,0.83,0.53,1008,69,10,Ir,,0.0
IC3591,,189.2624996,6.92666666,9.8,11.6,14.39,1.29,0.6,1632,62,9,BCD,,0.0
VCC2033,,191.5187498,8.47638888,9.8,12.45,15.3,0.55,0.91,1485,27,9,BCD,,0.0
BootesII,,209.4999997,12.83333332,0.04,12.15,16.32,6.7,0.73,-117,51,-2,Sph,,0.0
UGC08061,,194.180833,11.9311111,6.49,13.5,15.97,0.83,0.8,563,41,10,Ir,,0.0
KKSG19,,156.1179164,-12.43249997,5.11,14.17,16.79,0.69,0.86,628,34,10,Ir,,0.0
KKSG16,,149.9479166,-9.34333332,9.7,13.62,18.0,0.87,0.78,,48,-3,Sph,,0.0
LV J0956-0929,,149.1566664,-9.48638888,5.18,13.28,15.89,0.93,0.73,627,49,9,BCD,,0.0
KKSG18,,151.4233332,-7.98138888,9.7,10.05,13.61,1.51,0.8,698,41,9,BCD,,0.0
KDG065,,151.3933332,-7.74916666,9.7,12.23,16.36,1.07,0.69,721,59,-3,Sph,,0.0
NGC3115,,151.308333,-7.7186111,9.68,5.88,9.87,8.51,0.35,681,90,-1," ",,0.0
KKSG17,,150.4099997,-8.24888887,9.7,12.82,15.41,1.66,0.21,446,90,10,Ir,,0.0
MCG -01-26-009,,150.39,-6.524999995,9.7,13.61,16.1,1.12,0.78,748,44,10,Ir,,0.0
UGCA193,,150.650833,-6.01194444,9.7,12.0,14.67,4.27,0.07,663,90,7," ",,0.0
SexA,,152.753333,-4.69277777,1.32,10.18,11.86,5.89,0.83,324,38,10,Ir,,0.0
LeoIV,,173.2374998,-0.52,0.16,12.7,16.9,7.3,0.78,132,48,-3,Sph,,0.0
LeoV,,172.7899996,2.219999998,0.18,13.39,17.6,4.1,0.45,173,90,-3,Sph,,0.0
UGC06145,,166.3958331,-1.863611109,10.7,13.88,16.45,1.38,0.56,753,66,10,Ir,,0.0
KKSG22,,166.532083,-1.448611108,10.7,15.67,18.2,0.5,0.8,,41,10,Ir,,0.0
NGC3521,,166.4525,-0.0358333333,10.7,5.78,9.83,10.96,0.46,797,66,4," ",,0.0
KKSG20,,166.1691665,0.058,10.7,15.01,17.51,0.52,0.8,835,41,10,Ir,,0.0
NGC3521sat,,166.4195832,0.1208333332,10.7,11.9,16.2,2.51,0.77,,45,-1,Sph,,0.0
UGC05797,,159.855,1.718611109,7.0,11.81,14.28,1.23,0.87,710,33,9,BCD,,0.0
KKSG15,,148.79375,-6.26999999,9.7,12.63,15.14,1.29,0.23,791,90,10,Ir,,0.0
SexDSph,,153.2625,-1.614444441,0.09,7.01,11.3,30.2,0.65,227,64,-3,Sph,,0.0
LV J1021+0054,,155.412083,0.89,6.78,14.94,17.5,0.42,0.73,701,49,10,Ir,,0.0
KDG058,,145.1124998,0.04249999996,10.0,14.62,17.2,0.66,0.78,,44,10,Ir,,0.0
SexB,,150.0004164,5.33222222,1.36,9.5,11.85,6.03,0.69,300,53,10,Ir,,0.0
CGCG 035-007,,143.687083,6.42555555,13.0,12.68,15.22,1.07,0.63,552,59,9,BCD,,0.0
AGC191803,,147.024583,7.129166655,14.9,14.05,16.5,0.72,0.47,535,63,9,Im,,0.0
UGC05288,,147.8216666,7.82722221,6.85,11.49,14.62,1.45,0.62,557,60,9,BCD,,0.0
AGC208397,,159.742083,3.87416666,26.2,17.19,19.7,0.17,0.6,763,62,10,Ir,,0.0
AGC208399,,160.0445832,4.90888888,20.9,17.54,20.0,0.16,0.88,747,32,10,Ir,,0.0
LV J1030+0607,,157.684583,6.12722222,7.8,14.35,16.8,0.71,0.6,640,62,10,Ir,,0.0
UGC05923,,162.2816664,6.91722222,22.3,11.46,14.4,1.26,0.47,709,63,7," ",,0.0
UGC06014,,163.4279165,9.72805555,10.4,12.49,15.0,1.2,0.57,1133,65,9,Im,,0.0
CGCG 066-109,,166.1104165,11.75499999,10.4,13.8,16.2,1.05,0.29,777,90,10,Ir,,0.0
LeG03,,158.9533332,8.47972222,10.4,14.6,17.3,0.95,0.23,1158,79,8," ",,0.0
AGC200499,,159.533333,10.38083332,10.4,11.56,14.4,0.85,0.78,1175,44,9,BCD,,0.0
LeG28,,163.2529164,10.37916665,10.4,15.85,18.3,0.68,0.5,,72,10,Tr,,0.0
LeG22,,162.404583,11.35166665,10.4,15.53,18.0,0.56,0.66,,56,10,Tr,,0.0
AGC202456,,163.0812498,11.04333331,10.4,12.01,16.2,0.72,0.89,824,30,-1,dE,,0.0
LSBC D640-14,,164.54375,11.99916666,10.4,14.34,18.5,0.48,0.66,,59,-2,Sph,,0.0
LSBC D640-13,,164.058333,12.01027777,10.4,14.48,16.9,0.58,0.57,989,65,10,Ir,,0.0
LSBC D640-12,,163.9879165,12.33888887,10.4,15.98,18.4,0.45,0.5,847,72,10,Ir,,0.0
LeG16,,161.6249997,11.75583332,10.4,14.8,19.0,0.29,0.98,,13,-2,Tr,,0.0
NGC3368,,161.690833,11.8197222,10.42,6.32,10.11,8.91,0.68,893,49,3," ",,0.0
KK96,,162.6129165,12.36083332,10.4,14.1,18.3,0.6,0.8,,45,-3,Sph,,0.0
LeG12,,161.0324997,11.53305555,10.4,16.03,18.5,0.22,0.8,,41,10,Ir,,0.0
NGC3351,,160.9904165,11.7036111,10.05,6.67,10.58,7.24,0.68,777,49,3," ",,0.0
LeG13,,161.2399998,11.91611109,10.4,14.99,17.43,0.42,0.44,871,81,10,Ir,,0.0
LeG09,,160.6441665,12.15055554,10.4,14.3,18.5,0.71,0.83,,39,-2,Sph,,0.0
LeG10,,160.9808332,12.13527777,10.4,16.75,19.2,0.16,0.95,,20,10,Ir,,0.0
LeG17,,161.6729165,12.32638888,10.4,12.79,16.98,0.58,0.78,1030,44,-1,Sph,,0.0
NGC3384,,162.0704163,12.62916665,11.38,6.75,10.85,5.5,0.45,704,80,-1," ",,0.0
NGC3379,,161.9566665,12.58166665,11.12,6.27,10.24,5.37,0.89,923,33,-3," ",,0.0
LeG18,,161.722083,12.7,10.4,16.46,18.9,0.28,0.75,636,47,10,Tr,,0.0
LeG19,,161.7283332,12.78805554,10.4,13.61,17.8,0.37,0.7,,52,-1,Sph,,0.0
LeG21,,161.753333,12.9597222,10.4,16.13,18.6,0.25,0.75,843,47,10,Ir,,0.0
LeG14,,161.5599997,12.95999999,10.4,14.51,18.7,0.36,0.88,,34,-3,Sph,,0.0
KK94,,161.7387498,12.99833331,10.4,15.03,17.5,0.58,0.85,832,35,10,Tr,,0.0
LeG26,,162.8379164,12.84916665,10.4,12.71,16.9,0.69,0.89,630,31,-2,Sph,,0.0
UGC05944,,162.5795832,13.27194443,11.07,12.0,15.6,1.12,0.97,1073,16,-1,dE,,0.0
NGC3412,,162.722083,13.41222221,10.4,7.67,11.44,3.98,0.56,846,66,-1," ",,0.0
LeG23,,162.5379163,13.4836111,10.4,16.62,19.1,0.18,0.95,,20,10,Ir,,0.0
AGC205540,,162.880833,14.1147222,10.4,15.52,18.0,0.32,0.62,832,60,10,Tr,,0.0
UGC05456,,151.8320832,10.3622222,5.6,11.63,13.84,1.62,0.5,527,72,9,Im,,0.0
LeoI,,152.1120832,12.30805553,0.25,6.93,11.18,9.77,0.79,283,42,-1,Sph,,0.0
AGC202248,,158.73375,11.49222221,10.4,15.08,17.5,0.37,0.74,1177,48,10,Ir,,0.0
NGC3299,,159.0991663,12.70749998,10.4,10.97,13.3,2.4,0.77,604,40,8," ",,0.0
AGC205156,,157.7204164,12.44666665,10.43,16.13,18.6,0.16,0.95,915,20,9,BCD,,0.0
FS04,,160.5012497,12.33499999,10.4,13.0,15.7,1.0,0.46,772,64,8," ",,0.0
UGC05812,,160.2358332,12.47194443,10.4,12.81,15.5,1.48,0.4,1008,68,8," ",,0.0
LeG05,,159.9304164,12.63444442,10.4,14.32,16.77,0.6,0.53,780,69,10,Tr,,0.0
LeG04,,159.9175,12.73499998,10.4,16.24,18.7,0.52,0.5,,72,10,Tr,,0.0
AGC205268,,160.718333,13.7411111,10.4,14.93,17.4,0.38,0.46,1145,64,9,BCD,,0.0
LeG06,,159.9820832,13.90777776,10.4,15.81,18.3,0.63,0.65,1007,57,10,Ir,,0.0
NGC3377,,161.9266665,13.98555553,10.91,7.44,11.24,5.25,0.58,678,68,-2," ",,0.0
AGC205445,,161.147083,13.9397222,10.4,12.17,16.4,0.6,0.84,633,37,-1,Tr,,0.0
KK93,,161.6033332,14.02499999,10.4,13.78,18.0,0.58,0.94,,24,-3,Sph,,0.0
DDO088,,161.8429164,14.07027775,7.73,11.91,14.4,2.14,0.95,573,20,9,Im,,0.0
AGC205165,,159.2699998,15.33749999,10.4,13.9,16.4,0.72,0.74,724,48,9,Im,,0.0
LeG11,,161.0087496,15.58888887,10.4,16.32,18.8,0.35,0.9,,29,10,Tr,,0.0
NGC3239,,156.2704165,17.1636111,7.9,9.0,11.73,5.01,0.61,754,53,8," ",,0.0
VCC0114,,183.6466665,5.677222215,8.2,13.75,16.16,0.6,0.52,2067,70,10,Ir,,0.0
VCC0565,,185.6604163,6.01444444,9.6,13.42,15.86,0.58,0.6,871,62,10,Ir,,0.0
UGC07636,,187.5041663,7.92944443,5.2,12.47,14.9,0.89,0.81,469,40,10,Ir,,0.0
VCC0381,,184.9754163,6.66583333,4.71,14.31,16.67,0.78,0.92,480,26,10,Ir,,0.0
VCC1675,,189.1458331,8.05472221,7.5,12.1,14.8,1.41,0.61,1790,61,9,BCD,,0.0
VCC1725,,189.4216665,8.55916666,8.5,11.74,14.89,1.17,0.54,1076,68,9,BCD,,0.0
UGC07596,,187.1412499,8.63972222,4.6,12.47,14.9,1.58,0.43,565,83,10,Ir,,0.0
VCC0169,,183.9841665,9.64916666,9.4,14.25,16.67,0.85,0.68,2219,54,10,Ir,,0.0
IC3077,,183.9845832,14.43305553,9.1,12.69,15.01,1.78,0.64,1406,58,9,BCD,,0.0
IC3023,,182.507083,14.36694442,7.7,12.85,15.35,1.1,0.71,817,51,10,Ir,,0.0
LV J1158+1535,,179.6683332,15.59277776,6.27,15.63,18.2,0.32,0.83,565,38,10,Ir,,0.0
VCC2037,,191.5637497,10.20333331,7.4,13.35,15.8,1.2,0.46,1142,78,10,Ir,,0.0
IC3718,,191.1916663,12.35138888,6.8,11.91,14.0,2.57,0.3,849,74,8," ",,0.0
GR8,,194.668333,14.21749998,2.13,12.9,14.79,1.66,0.91,217,27,10,Ir,,0.0
KDG216,,194.1041663,15.08583332,6.0,12.73,16.9,1.12,0.86,,37,-3,Tr,,0.0
IC3583,,189.1812498,13.25944442,7.6,11.2,13.31,2.88,0.52,1120,70,9,Im,,0.0
KDG177,,189.9937498,13.78138888,8.2,13.88,16.36,0.89,0.51,1005,71,10,Ir,,0.0
VCC0841,,186.445833,14.95194443,7.9,13.04,15.5,1.1,0.49,499,74,9,Im,,0.0
KK180,,196.124583,17.75888887,4.4,13.11,17.3,0.89,0.69,,55,-2,Sph,,0.0
KDG215,,193.9187496,19.20916665,5.5,14.47,16.9,1.17,0.54,419,68,10,Ir,,0.0
NGC4826,,194.1841664,21.6847222,4.37,5.33,9.3,13.8,0.52,409,63,2," ",,0.0
KK177,,195.6745832,21.99749995,4.4,13.15,17.4,0.78,0.91,,28,-2,Sph,,0.0
KDG104,,185.3662498,15.02444443,9.4,14.4,16.88,0.81,0.67,1861,55,10,Ir,,0.0
GR34,,185.5316664,15.79916665,8.9,13.5,15.95,0.93,0.82,1298,39,10,Ir,,0.0
NGC4204,,183.8099997,20.65861107,8.0,10.0,12.9,4.47,0.81,861,36,7," ",,0.0
KKH80,,187.0224998,22.2908333,7.43,14.37,16.8,0.85,0.69,602,53,10,Ir,,0.0
UGC07584,,187.012083,22.58944442,9.2,13.75,16.19,0.91,0.5,603,72,9,BCD,,0.0
NGC4455,,187.1837497,22.82249998,8.4,10.55,12.93,3.24,0.29,644,76,7," ",,0.0
UGC7321,,184.3916665,22.54027774,17.2,10.67,14.09,6.76,0.06,403,90,7," ",,0.0
IC3840,,192.942083,21.73527775,5.5,14.39,16.9,0.95,0.48,557,75,10,Ir,,0.0
KK167,,192.9349997,26.11055553,9.2,14.0,16.39,0.85,0.72,1248,50,10,Ir,,0.0
UGC08030,,193.6224997,26.30499996,15.3,14.21,16.6,1.23,0.56,628,66,10,Ir,,0.0
ComaI,,186.745833,23.90416665,0.04,10.81,14.98,9.5,0.64,98,66,-3,Sph,,0.0
UGCA298,,191.730833,26.5641666,11.0,12.43,15.25,0.89,0.78,844,44,9,BCD,,0.0
DDO154,,193.5216665,27.1486111,4.04,12.33,14.1,2.14,0.73,374,49,10,Ir,,0.0
UGC07990,,192.6133332,28.35277774,20.4,13.51,16.2,1.17,0.52,512,60,8," ",,0.0
AGC749241,,190.007083,26.3219444,9.2,15.9,18.3,0.34,0.84,451,37,10,Ir,,0.0
UGCA294,,191.1587497,28.47249997,9.9,12.41,14.82,1.1,0.57,955,65,9,BCD,,0.0
NGC3627,,170.0624997,12.99138887,10.28,5.88,9.65,10.23,0.46,716,66,4," ",,0.0
AGC202256,,168.6874997,12.64749999,11.0,14.28,16.7,0.4,0.61,630,61,10,Ir,,0.0
NGC3593,,168.649583,12.81861109,10.8,7.42,11.85,5.89,0.43,631,73,1," ",,0.0
IC2684,,169.2541663,13.09972221,10.3,13.69,16.15,0.81,0.75,588,47,10,Tr,,0.0
IC2791,,170.9066664,12.89583332,10.3,14.45,16.9,0.58,0.68,666,54,9,Im,,0.0
AGC213436,,170.5999997,12.97944443,10.3,12.5,16.7,0.52,0.98,626,13,-1,dE,,0.0
IC2787,,170.8295832,13.6297222,10.3,13.23,15.7,1.07,0.93,708,24,9,BCD,,0.0
AGC215354,,169.8162497,14.29027776,10.42,14.96,17.4,0.5,0.6,790,62,9,BCD,,0.0
NGC3489,,165.0775,13.9011111,12.08,7.37,11.12,3.8,0.57,695,60,1," ",,0.0
AGC205278,,164.717083,14.12944443,10.4,14.88,17.3,0.54,0.68,686,54,10,Ir,,0.0
LSBC D640-08,,165.217083,13.88083332,10.4,12.8,16.96,0.81,0.58,,75,-3,Sph,,0.0
LeG33,,165.188333,14.1722222,10.4,16.18,18.6,0.35,0.55,,67,10,Tr,,0.0
UGC06881,,178.6862497,20.05555554,16.4,13.41,15.9,1.62,0.39,601,90,10,Ir,,0.0
LeG27,,163.0837498,14.7072222,10.4,14.42,18.6,0.37,0.67,,57,-2,Tr,,0.0
AGC205544,,163.0199998,15.03055553,10.4,12.92,17.1,0.45,0.8,828,41,-1,dE,,0.0
CGCG 095-078,,164.5091663,19.50527774,7.37,13.15,15.6,0.84,0.48,650,75,9,BCD,,0.0
KKH67,,170.7645832,21.32694443,10.0,14.21,18.4,0.71,0.81,,42,-2,Sph,,0.0
LeoII,,168.3716664,22.1547222,0.21,8.45,12.61,12.02,0.87,86,36,-3,Sph,,0.0
AGC229053,,184.564583,25.56833328,17.9,15.44,17.9,0.49,0.48,425,75,10,Ir,,0.0
DDO097,,177.2383332,23.83777774,13.74,12.65,15.14,1.58,0.91,522,27,10,Ir,,0.0
NGC4080,,181.215833,26.99249996,15.0,10.79,13.7,1.58,0.44,565,65,8," ",,0.0
LV J1205+2813,,181.3924998,28.2322222,6.74,14.02,16.7,0.69,0.79,534,38,8," ",,0.0
KUG 1202+286,,181.347083,28.36555552,6.69,13.16,15.2,0.89,0.57,529,56,8," ",,0.0
MCG +05-28-046,,178.8479163,28.33999996,7.45,13.89,16.35,1.2,0.44,590,81,9,Im,,0.0
BTS76,,179.6837497,27.58499997,5.57,14.06,16.5,0.6,0.6,455,62,10,Ir,,0.0
IC3308,,186.324583,26.71472218,12.8,12.51,15.41,1.55,0.26,316,77,8," ",,0.0
AGC749236,,186.4266665,26.80999995,19.5,14.86,17.3,0.62,0.51,273,71,10,Ir,,0.0
IC3341,,186.5974997,27.7455555,14.0,13.98,16.4,0.68,0.56,372,66,9,Im,,0.0
KK138,,185.493333,28.24277775,6.3,16.27,18.7,0.42,0.58,,64,10,Tr,,0.0
KK144,,186.3662498,28.48249995,6.15,14.07,16.5,1.12,0.44,480,81,10,Ir,,0.0
KDG098,,184.6224997,28.6458333,9.0,12.31,16.5,0.76,0.93,,24,-1,Tr,,0.0
IC3247,,185.808333,28.89388885,24.4,12.12,15.25,2.34,0.17,569,86,7," ",,0.0
NGC4559,,188.9904165,27.9597222,8.1,7.58,10.28,10.96,0.41,814,68,6," ",,0.0
DDO131,,187.9941664,29.7097222,8.1,12.86,15.28,1.15,0.76,643,46,10,Ir,,0.0
DDO133,,188.220833,31.53916663,4.85,11.12,13.53,3.55,0.69,330,53,10,Ir,,0.0
NGC4509,,188.278333,32.0916666,10.1,11.5,14.1,0.91,0.76,934,46,9,BCD,,0.0
IC 779,,184.9112497,29.8833333,16.67,11.79,15.22,1.32,0.86,213,34,-1,dE,,0.0
NGC4308,,185.4870832,30.07416663,14.0,10.62,14.11,0.85,0.95,642,20,-1," ",,0.0
KK127,,183.344583,29.92166663,17.3,13.99,15.6,1.38,0.36,131,70,8," ",,0.0
LV J1213+2957,,183.4516665,29.95888886,2.68,14.98,17.4,0.47,0.71,225,51,10,Ir,,0.0
NGC4136,,182.3237496,29.92749995,7.9,9.31,11.69,3.98,0.92,608,24,5," ",,0.0
IC2992,,181.3162497,30.8555555,12.7,12.44,15.02,0.83,0.83,599,38,9,BCD,,0.0
NGC4150,,182.64,30.40166664,13.74,8.99,12.49,2.19,0.69,226,53,-1," ",,0.0
UGC07131,,182.2991665,30.90666663,16.8,13.95,16.8,1.62,0.29,253,75,8," ",,0.0
MAPS1206+31,,181.6437498,31.34249994,7.43,13.12,15.8,0.71,0.93,568,22,8," ",,0.0
LV J1207+3133,,181.9583331,31.55222216,7.37,14.82,17.5,0.64,0.82,562,35,8,Sm,,0.0
NGC4395,,186.4574998,33.5461111,4.61,8.0,10.64,13.18,0.83,313,34,8," ",,0.0
LV J1217+3231,,184.383333,32.5325,5.93,15.8,18.2,0.66,0.62,447,60,9,Im,,0.0
KKH78,,184.4354164,33.34527774,4.7,15.3,17.7,0.45,0.63,,59,10,Ir,,0.0
KK141,,185.719583,33.8286111,7.78,14.2,16.6,0.4,0.77,573,45,10,Ir,,0.0
UGC7427,,185.4791663,35.0513889,9.7,13.5,15.9,1.07,0.61,726,61,10,Ir,,0.0
KUG 1157+315,,180.0674997,31.22499994,23.2,12.88,15.05,0.83,0.48,617,62,8," ",,0.0
KDG082,,178.9141663,31.5194444,16.6,12.09,14.84,1.91,0.64,590,51,8," ",,0.0
LV J1203+3257,,180.7954165,32.95611106,7.55,14.02,16.7,0.97,0.38,570,69,8," ",,0.0
UGC7257,,183.7625,35.95861104,8.8,12.25,14.36,1.35,0.62,956,52,8," ",,0.0
KDG090,,183.7412498,36.21888884,2.86,13.43,15.86,1.55,0.87,,33,10,Tr,,0.0
NGC4214,,183.912083,36.3274999,2.94,8.14,10.24,8.51,0.78,291,39,8," ",,0.0
NGC4163,,183.037083,36.1694444,2.94,10.88,13.63,2.19,0.84,162,37,9,Im,,0.0
MCG +06-27-017,,182.4849999,36.4352777,4.83,12.0,15.5,0.95,0.31,339,90,9,Im,,0.0
NGC4190,,183.435833,36.63333326,2.82,10.79,13.5,2.14,0.88,235,32,9,BCD,,0.0
DDO099,,177.720833,38.8805555,2.64,11.86,13.7,4.27,0.37,251,90,10,Ir,,0.0
Sag dIr,,292.495833,-17.67805552,1.04,12.13,14.12,2.88,0.72,-79,50,10,Ir,,0.0
NGC6822,,296.2404165,-14.80305554,0.5,6.0,9.31,19.05,0.87,-57,33,10,Ir,,0.0
LV J1952+1428,,298.049166,14.47333331,7.13,13.54,16.9,0.3,0.93,279,24,9,BCD,,0.0
Hercules,,247.758333,12.79166664,0.15,10.66,15.0,13.5,0.33,45,90,-3,Sph,,0.0
[KK2000] 03,,36.1779166,-73.5127777,4.1,10.83,16.0,2.45,0.4,,90,-3,Tr,,0.0
LMC,,80.8941665,-69.756111,0.05,-1.75,0.91,645.65,0.85,278,35,9,Im,,0.0
KK27,,50.26249996,-66.3197221,3.98,13.85,16.5,1.17,0.33,533,90,10,Ir,,0.0
NGC1313,,49.5641666,-66.4974999,4.07,7.57,9.66,12.59,0.8,470,37,7," ",,0.0
NGC1533,,62.4658332,-56.11833325,19.4,7.63,11.79,3.55,0.82,785,37,1," ",,0.0
IC2038,,62.2254166,-55.9922222,19.2,12.0,14.98,2.09,0.24,712,79,7," ",,0.0
SMC,,13.15833331,-72.8002777,0.06,0.16,2.7,380.19,0.64,158,58,9,Im,,0.0
ESO115-021,,39.4374999,-61.34111104,4.99,9.97,13.34,7.24,0.14,515,90,7," ",,0.0
IC1959,,53.2991666,-50.4105555,6.05,11.04,13.2,4.07,0.23,640,79,8," ",,0.0
NGC1311,,50.0308333,-52.18499995,5.2,10.92,13.4,4.68,0.25,571,78,8," ",,0.0
ESO154-023,,44.20999994,-54.5730555,5.55,9.81,12.71,8.32,0.18,574,83,8," ",,0.0
ESO199-007,,44.51708325,-49.3824999,6.56,14.01,16.44,1.07,0.4,630,90,10,Ir,,0.0
NGC1705,,73.5570832,-53.3613888,5.11,10.52,12.77,2.24,0.74,628,48,9,BCD,,0.0
HIPASS J0457-42,,74.2445832,-42.80388885,7.2,12.06,14.46,1.41,0.37,657,70,10,Ir,,0.0
PGC013294,,53.9866666,-45.1913888,7.98,13.73,16.13,0.62,0.8,744,41,10,Ir,,0.0
NGC1291,,49.3274999,-41.1080555,8.8,5.66,9.42,14.45,0.92,838,25,1," ",,0.0
ESO300-014,,47.4074999,-41.0305555,9.8,10.0,13.06,7.08,0.52,955,60,8," ",,0.0
ESO300-016,,47.54374996,-40.0030555,8.8,13.15,15.57,1.45,0.72,710,50,10,Ir,,0.0
NGC1800,,76.6070832,-31.95416662,8.0,10.21,13.13,2.0,0.55,814,67,9,BCD,,0.0
NGC1592,,67.4199999,-27.40861107,9.1,12.66,14.45,1.41,0.48,945,75,10,Ir,,0.0
Phoenix,,27.77624997,-44.4447222,0.44,11.31,13.72,5.5,0.85,-52,35,10,Tr,,0.0
ESO245-005,,26.26499997,-43.5980555,4.43,10.26,12.7,3.8,0.89,393,30,9,Im,,0.0
NGC0625,,23.7708333,-41.43638885,3.89,8.9,11.59,7.08,0.28,395,76,8," ",,0.0
AM0106-382,,17.09166665,-38.2091666,8.2,13.86,16.26,0.72,0.56,645,66,10,Ir,,0.0
ESO294-010,,6.63874999,-41.8555555,1.92,14.08,15.53,1.51,0.64,107,58,10,Tr,,0.0
NGC0055,,3.78541666,-39.22027774,2.13,6.25,8.84,37.15,0.17,129,84,8," ",,0.0
NGC0300,,13.72291665,-37.6825,2.15,6.38,8.95,25.7,0.71,146,45,7," ",,0.0
Sculptor,,15.03916665,-33.7091666,0.09,5.9,10.05,39.81,0.68,105,60,-3,Sph,,0.0
Fornax,,39.9779166,-34.5258333,0.14,5.13,9.28,17.78,0.7,29,58,-3,Sph,,0.0
ESO483-013,,63.1712499,-23.15888885,7.4,10.84,14.06,1.58,0.54,898,68,9,BCD,,0.0
NGC1400,,54.8783332,-18.68805554,24.5,7.81,11.92,3.47,0.87,569,36,-3," ",,0.0
ESO006-001,,124.8470832,-85.1455555,6.7,12.97,15.13,1.1,0.91,738,27,9,BCD,,0.0
NGC2915,,141.5479165,-76.6263888,3.78,9.7,13.2,2.0,0.53,467,69,9,BCD,,0.0
ESO059-001,,112.8304165,-68.186111,4.57,11.25,13.98,2.14,0.81,530,40,9,Im,,0.0
ESO215-009,,164.375833,-48.17888885,5.25,12.6,16.03,2.0,0.6,598,62,10,Ir,,0.0
ESO320-014,,174.4724997,-39.2205555,6.08,12.9,15.85,1.38,0.64,654,58,10,Ir,,0.0
ESO318-013,,161.9245832,-38.85416664,6.5,12.07,14.97,1.78,0.14,718,90,8," ",,0.0
NGC3621,,169.567083,-32.8116666,6.7,6.6,10.18,12.3,0.44,730,65,7," ",,0.0
RKK1610,,146.3533332,-48.1413888,14.9,12.63,16.9,0.93,0.68,882,54,10,Ir,,0.0
ESO373-007,,143.1891664,-33.2455555,8.3,13.52,16.4,1.29,0.54,862,68,10,Ir,,0.0
ESO376-016,,160.8629165,-37.0425,7.1,12.95,15.53,0.69,0.56,670,66,10,Ir,,0.0
Antlia,,151.0166665,-27.33194442,1.32,12.73,16.19,2.0,0.75,362,47,10,Tr,,0.0
ESO499-038,,150.9591665,-26.61277776,15.3,13.06,15.68,0.83,0.55,885,67,10,Ir,,0.0
NGC3109,,150.7799997,-26.15999997,1.32,7.5,10.39,19.95,0.19,403,83,8," ",,0.0
ESO501-023,,158.8466664,-24.75416663,7.0,10.34,13.2,3.47,0.79,1042,38,8," ",,0.0
FG202,,106.3212499,-58.52055546,4.9,12.13,14.95,1.95,0.47,564,76,10,Ir,,0.0
LV J0616-5745,,94.0383333,-57.7652777,6.0,14.5,17.01,0.4,0.8,554,41,10,Ir,,0.0
ESO121-020,,93.9770833,-57.72638884,6.05,12.76,15.27,0.93,0.71,587,51,10,Ir,,0.0
Carina,,100.4029166,-50.96611104,0.1,6.95,11.3,24.55,0.67,224,62,-3,Sph,,0.0
KK55,,99.8870832,-40.72027774,7.65,13.4,16.05,0.71,0.64,824,58,10,Ir,,0.0
HIZSS021,,116.5687498,-28.46972217,3.0,11.13,17.5,0.8,0.65,494,57,10,Ir,,0.0
HIZSS008,,111.3416665,-24.47527773,7.43,8.5,16.9,1.35,0.43,800,66,7," ",,0.0
HIZSS012,,112.5345832,-22.0169444,7.2,9.0,19.0,3.2,0.5,779,61,8," ",,0.0
HIPASS J0905-36,,136.4999997,-36.05999995,7.93,13.38,17.4,0.5,0.75,886,47,10,Ir,,0.0
CGMW2-3473,,126.3037498,-28.14027772,7.4,11.93,15.22,0.78,0.58,837,64,9,BCD,,0.0
ESO495-021,,129.063333,-26.4094444,7.96,9.0,12.45,2.09,0.77,868,45,9,BCD,,0.0
KK73,,138.122083,-24.24111106,9.8,10.62,16.35,0.62,0.62,,68,-3,Sph,,0.0
NGC2784 dw01,,138.0770832,-24.2111111,9.8,12.36,17.27,0.89,0.89,,33,-3,Sph,,0.0
NGC2784,,138.0808332,-24.17166663,9.82,6.33,11.24,5.5,0.4,687,90,-2," ",,0.0
KK72,,137.9262498,-23.9822222,9.8,13.17,18.0,0.45,0.83,,41,-3,Sph,,0.0
KK71,,137.2954165,-23.36777775,9.8,12.9,17.7,0.4,0.78,,48,-3,Sph,,0.0
DDO056,,137.4441666,-23.00916662,9.8,12.6,15.63,1.29,0.7,724,52,10,Ir,,0.0
ESO496-010,,132.2749998,-26.31999997,7.8,11.9,14.83,1.05,0.66,814,56,9,BCD,,0.0
ESO497-004,,135.7629165,-23.8083333,19.0,12.79,16.36,1.12,0.23,806,79,8," ",,0.0
NGC3037,,147.8499997,-27.01111106,8.1,11.12,13.64,1.29,0.87,887,30,8," ",,0.0
LV J0939-2507,,144.8958331,-25.12638886,6.15,12.92,15.5,0.63,0.57,741,65,10,Ir,,0.0
LV J0944-2254,,146.0837498,-22.91611107,6.05,14.18,16.83,0.32,0.76,729,46,9,BCD,,0.0
DDO062,,140.3645831,-22.50055554,18.6,11.72,14.8,2.51,0.24,846,79,8," ",,0.0
HIPASS J0916-23b,,139.2416665,-23.2797222,10.3,13.06,15.84,0.66,0.37,837,90,10,Ir,,0.0
NGC2835,,139.4704164,-22.35527776,10.3,7.92,11.01,8.91,0.67,885,49,5," ",,0.0
ESO565-003,,140.79125,-20.16749997,7.52,12.93,15.53,0.72,0.67,829,55,10,Ir,,0.0
UGCA153,,138.3004165,-19.4086111,21.9,12.36,15.4,2.24,0.6,766,54,8," ",,0.0
LV J0935-1348,,143.8399997,-13.81444442,7.3,14.08,16.6,0.42,0.75,796,47,9,BCD,,0.0
ESO495-008,,125.2529165,-23.78138884,17.3,13.21,16.06,0.69,0.28,789,90,10,Ir,,0.0
HIPASS J0801-21,,120.3558332,-21.99749995,6.34,13.97,17.2,0.48,0.55,730,67,10,Ir,,0.0
HIZSS014,,114.0941665,-19.4944444,7.35,10.82,18.4,0.4,0.6,786,62,9,BCD,,0.0
IC3104,,184.692083,-79.726111,2.27,9.26,13.65,3.72,0.47,429,76,9,Im,,0.0
HIPASS J1247-77,,191.885833,-77.583611,3.16,13.5,18.0,0.66,0.48,413,75,10,Ir,,0.0
ESO137-018,,245.247083,-60.4874999,6.4,8.37,12.23,3.47,0.34,603,73,6," ",,0.0
CIRCINUS,,213.2887496,-65.3391666,4.2,5.28,12.12,6.92,0.43,434,69,3," ",,0.0
HIPASS J1441-62,,220.4279165,-62.76722216,6.02,12.93,20.5,0.3,0.65,672,57,10,Ir,,0.0
HIPASS J1526-51,,231.5954164,-51.1752777,5.68,14.64,19.5,,,605,,10,Ir,,0.0
ESO222-010,,218.7624996,-49.4216666,5.8,12.96,16.33,0.44,0.44,620,81,10,Ir,,0.0
ESO223-009,,225.2854163,-48.2924999,6.49,9.44,13.82,2.63,0.92,588,26,10,Ir,,0.0
ESO274-001,,228.5562498,-46.8124999,3.09,8.36,11.7,13.49,0.1,524,90,7," ",,0.0
ESO273-014,,224.6262497,-47.69861106,9.9,9.79,12.9,3.8,0.73,1050,44,7," ",,0.0
IC4662,,266.7762495,-64.6402777,2.44,8.53,11.74,2.82,0.57,302,65,9,BCD,,0.0
ESO174-001,,206.9904165,-53.351111,3.6,11.5,14.2,2.45,0.43,686,83,10,Ir,,0.0
NGC5206,,203.4329164,-48.15111106,3.47,8.48,11.62,3.72,0.86,583,37,-3," ",,0.0
ESO270-017,,203.697083,-45.5474999,3.6,8.2,11.71,15.85,0.12,827,90,8," ",,0.0
NGC4945,,196.35875,-49.4711111,3.8,4.49,9.28,28.18,0.19,563,86,6," ",,0.0
ESO219-010,,194.0399996,-50.1438888,4.29,11.44,16.42,0.68,0.79,,47,-3,Sph,,0.0
ESO269-058,,197.637083,-46.9908333,3.8,9.04,13.29,4.68,0.6,400,62,9,Ir,,0.0
ESO269-037,,195.89,-46.5841666,3.48,13.42,16.29,1.2,0.75,744,47,10,Ir,,0.0
KK203,,201.867083,-45.3524999,3.6,14.95,17.7,0.5,0.99,,9,10,Tr,,0.0
KK196,,200.4462496,-45.06333325,3.98,13.46,16.14,0.87,0.77,741,45,10,Ir,,0.0
ESO269-066,,198.288333,-44.8899999,3.82,10.12,14.59,2.14,0.86,784,34,-1,Sph,,0.0
NGC5128,,201.3704164,-43.0166666,3.75,3.94,7.84,34.67,0.78,556,45,-2," ",,0.0
PGC051659,,217.0154162,-46.3016666,3.58,12.34,15.2,1.86,0.38,391,90,10,Ir,,0.0
CenN,,207.038333,-47.5649999,3.66,12.84,17.5,0.76,0.78,,48,-3,Sph,,0.0
HIPASS J1351-47,,207.8416664,-46.,5.73,14.6,17.5,0.56,0.6,529,62,10,Ir,,0.0
ESO272-025,,220.8562496,-44.7052777,5.88,12.27,14.79,1.58,0.5,631,72,10,Ir,,0.0
KK221,,207.193333,-46.9969444,3.98,14.4,17.3,1.51,0.67,507,55,10,Ir,,0.0
KK217,,206.5716663,-45.6847221,3.84,12.99,17.57,0.65,0.83,,41,-3,Sph,,0.0
KK211,,205.523333,-45.2049999,3.58,11.78,16.32,1.2,0.87,600,34,-2,Sph,,0.0
KK213,,205.8991664,-43.7691666,3.63,13.52,18.0,0.48,0.5,,90,-3,Sph,,0.0
NGC5408,,210.839583,-41.3763888,4.81,10.5,12.2,2.82,0.42,502,87,9,Im,,0.0
[KK2000] 57,,205.4087497,-42.5819444,3.93,13.64,18.1,0.55,0.87,,36,-3,Sph,,0.0
NGC5237,,204.412083,-42.8475,3.4,9.85,13.23,2.0,0.84,361,37,9,BCD,,0.0
ESO325-011,,206.253333,-41.85888885,3.4,11.32,14.02,3.16,0.48,544,75,10,Ir,,0.0
HIPASS J1337-39,,204.354583,-39.8977777,4.83,13.8,16.5,0.52,0.83,492,38,10,Ir,,0.0
HIPASS J1348-37,,207.1412499,-37.96749994,5.75,14.9,17.6,0.47,0.8,582,41,10,Ir,,0.0
ESO384-016,,209.2566663,-35.33388886,4.53,12.0,15.11,1.32,0.69,561,53,9,BCD,,0.0
[KK2000] 51,,191.089583,-42.93972215,3.6,14.6,17.3,0.55,0.44,,81,10,Tr,,0.0
NGC5011C,,198.2995832,-43.2655555,3.6,11.24,14.21,1.17,0.66,647,56,-1,Tr,,0.0
[KK2000] 55,,200.5516665,-42.7308333,3.94,13.82,18.5,0.79,0.88,,34,-3,Sph,,0.0
KK197,,200.5074996,-42.5355555,3.87,10.98,15.68,1.58,0.78,,48,-3,Sph,,0.0
ESO324-024,,201.905833,-41.4805555,3.73,10.35,12.91,3.31,0.72,514,44,8," ",,0.0
KK189,,198.1874997,-41.8319444,4.21,13.2,17.75,0.6,0.67,,62,-3,Sph,,0.0
KK182,,196.262083,-40.0827777,5.78,13.47,16.33,0.91,0.6,617,62,10,Ir,,0.0
[KK2000] 53,,197.8091664,-38.9061111,3.6,12.85,17.3,0.79,0.87,,36,-3,Sph,,0.0
ESO321-014,,183.4566665,-38.2313889,3.18,12.7,15.21,1.41,0.43,609,83,10,Ir,,0.0
ESO381-018,,191.1779165,-35.9666666,5.32,13.52,15.72,0.79,0.58,624,64,10,Ir,,0.0
ESO381-020,,191.5016664,-33.8380555,5.45,12.11,14.44,2.82,0.4,589,90,10,Ir,,0.0
[KK2000] 58,,206.503333,-36.3288888,3.6,13.06,17.41,0.93,0.7,,58,-3,Sph,,0.0
ESO383-087,,207.328333,-36.06138885,3.45,8.2,11.0,5.62,0.8,326,37,8," ",,0.0
NGC5102,,200.490833,-36.6297222,3.4,6.92,10.28,13.49,0.32,464,90,1," ",,0.0
HIDEEP J1337-33,,204.2524997,-33.3630555,4.37,14.76,17.3,0.2,0.95,591,20,10,Ir,,0.0
KK198,,200.7337496,-33.5727777,4.6,13.28,17.65,0.5,0.83,,41,-3,Tr,,0.0
NGC5398,,210.3424997,-33.0644444,8.1,10.34,12.78,3.55,0.52,1220,60,7," ",,0.0
NGC5253,,204.9824996,-31.63999997,3.56,8.29,10.87,6.92,0.38,407,69,8," ",,0.0
KK218,,206.664583,-29.9791666,4.6,13.26,17.6,0.81,0.45,,90,-3,Sph,,0.0
NGC5264,,205.4041664,-29.91388884,4.53,9.5,12.6,3.47,0.6,478,54,8," ",,0.0
NGC5236,,204.2504164,-29.86777775,4.92,4.62,8.2,18.62,0.89,519,28,5," ",,0.0
KK208,,204.1479165,-29.5708333,4.68,10.03,14.3,5.89,0.42,,90,-3,Sph,,0.0
UGCA365,,204.128333,-29.23638886,5.25,12.64,15.49,1.58,0.42,577,87,10,Ir,,0.0
IC4316,,205.0754163,-28.89444442,4.41,10.96,14.56,2.04,0.63,576,59,10,Ir,,0.0
[KK2000] 54,,200.3849996,-31.88638884,4.6,15.51,18.13,0.66,0.68,,54,10,Tr,,0.0
KK195,,200.2841664,-31.5297222,5.22,14.5,17.1,0.71,0.46,572,78,10,Ir,,0.0
KK200,,201.1499998,-30.97222218,4.63,13.42,16.67,1.1,0.62,494,60,10,Ir,,0.0
IC4247,,201.6849997,-30.36249997,4.97,11.25,14.41,1.66,0.38,420,90,10,Ir,,0.0
ESO443-009,,193.723333,-28.3408333,5.78,14.4,17.01,0.71,0.75,645,47,10,Ir,,0.0
MCG -04-31-038,,197.4024997,-27.1405555,7.8,10.8,15.09,1.02,0.67,684,55,10,Ir,,0.0
ESO444-084,,204.3341665,-28.04611106,4.61,12.6,15.06,1.35,0.77,587,45,10,Ir,,0.0
AM1320-230,,200.874583,-23.39305552,4.6,13.11,17.53,0.69,0.57,,77,-3,Tr,,0.0
PGC170257,,202.3374998,-21.17916664,6.5,12.6,15.33,0.93,0.75,650,47,9,BCD,,0.0
Centaurus A-dE5,,217.5208331,-33.47916664,9.0,15.78,18.43,0.52,0.58,,64,10,Tr,,0.0
IC5052,,313.025833,-69.2038888,6.03,8.88,11.68,8.13,0.14,584,90,7," ",,0.0
Tucana,,340.454166,-64.4199999,0.88,11.47,15.7,2.88,0.41,194,90,-1,Tr,,0.0
IC4870,,294.4066664,-65.8119444,7.3,12.11,14.5,1.74,0.56,877,66,9,BCD,,0.0
IC4710,,277.158333,-66.9822222,7.94,9.56,12.51,3.72,0.78,739,39,8," ",,0.0
ESO104-022,,283.921666,-64.8108332,6.7,12.95,15.63,1.48,0.67,797,55,10,Ir,,0.0
NGC6684,,282.24125,-65.1733332,8.7,7.05,11.31,3.98,0.65,866,55,0," ",,0.0
ESO104-044,,287.8462494,-64.2191665,8.3,12.46,14.96,1.78,0.64,750,58,10,Ir,,0.0
[KK2000] 70,,286.7454164,-63.9658332,8.3,15.17,17.7,0.55,0.82,,39,10,Ir,,0.0
NGC6744,,287.4412497,-63.8577777,8.3,5.94,9.14,21.38,0.65,841,51,4," ",,0.0
[KK2000] 71,,287.183333,-63.7313888,8.3,12.58,15.1,1.82,0.39,,90,10,Ir,,0.0
[KK2000] 72,,288.095416,-63.85611105,8.3,15.39,17.9,0.55,0.75,,47,10,Ir,,0.0
IC4951,,302.3824994,-61.85055545,9.8,10.98,13.97,3.24,0.18,814,83,8," ",,0.0
NGC7090,,324.119166,-54.55722215,6.7,8.16,11.33,10.23,0.18,850,89,6," ",,0.0
ESO238-005,,335.6254164,-48.40499994,7.8,12.28,14.7,3.09,0.65,706,57,10,Ir,,0.0
AM2220-460,,335.929166,-45.8822222,8.8,13.97,16.37,0.89,0.91,843,27,10,Ir,,0.0
ESO149-003,,358.011666,-52.5774999,5.9,12.65,15.05,2.63,0.18,574,90,10,Ir,,0.0
ApplesI,,348.7637496,-42.5394444,8.32,17.25,21.4,0.1,0.73,674,54,-3,Sph,,0.0
NGC7713,,354.0624994,-37.9388888,7.8,9.19,11.49,6.76,0.41,692,68,6," ",,0.0
LV J2335-3713,,353.767083,-37.2205555,7.8,14.23,16.64,0.58,0.57,615,65,10,Ir,,0.0
NGC7462,,345.696666,-40.83499994,10.1,9.65,12.53,5.5,0.17,1057,90,6," ",,0.0
ESO347-017,,351.7337493,-37.3469444,7.6,11.78,14.69,1.91,0.34,691,72,7," ",,0.0
IC5332,,353.6145826,-36.1016666,7.8,8.7,11.0,8.32,0.87,701,30,7," ",,0.0
IC5152,,330.6745826,-51.2952777,1.97,7.97,11.03,7.08,0.62,122,60,9,BCD,,0.0
IC5201,,335.239166,-46.0341666,8.8,8.0,11.3,8.71,0.46,915,64,6," ",,0.0
KK258,,340.1829164,-30.7997222,2.0,12.15,16.3,1.7,0.5,,90,-3,Tr,,0.0
KK246,,300.989166,-31.6816666,7.83,13.3,17.06,0.91,0.42,435,87,10,Ir,,0.0
Sag dSph,,283.762916,-30.47833328,0.02,-0.2,4.5,446.68,0.48,140,90,-3,Sph,,0.0
DDO210,,311.715833,-12.84805554,0.94,11.29,14.0,2.63,0.5,-140,72,10,Ir,,0.0
M65,NGC3623,11.315,13.083,10.731,0.0,0.0,0.0,0.0,0,0,0," ",ngc3623.png,50000.0
HubbleUltraDeepField,HUDF,3.54444,-27.8,50.0,0.0,0.0,0.0,0.0,0,0,0," ",b33.png,31415.93
